Date,Open,High,Low,Close,Adj Close,Volume,ticker,PriceReturn_22days,PriceReturn_66days,PriceReturn_132days,PriceReturn_22days_mean,AdjRet22Day,AdjRet66Day,AdjRet132Day
2017-09-29,76.57415771484375,77.83174133300781,76.0017318725586,77.45880126953125,72.60565185546875,1442057,FMC,1.0397492037045288,1.0930456231700336,0.8816407343487694,1.0206479989635429,0.019101204740985978,0.0027852344475876034,-0.20765246464243348
2017-10-02,77.45880126953125,77.87510681152344,76.3486557006836,77.05984497070312,72.23170471191406,1211918,FMC,1.034327134548163,1.105807265530252,0.903944989381629,1.012478214064533,0.021848920483630074,0.017099709768852334,-0.18518588909530476
2017-10-03,77.26799774169922,78.56895446777344,77.04249572753906,78.32610321044922,73.4186019897461,1587450,FMC,0.9982284337423516,1.0889288227948453,0.8929999128141665,1.0113391723313174,-0.013110738588965831,-0.0010345522100567717,-0.1888007294064057
2017-10-04,78.49089050292969,78.9765853881836,77.99652862548828,78.88985443115234,73.9470443725586,1501552,FMC,1.0016489230155583,1.0807068475495252,0.88981929838336,1.0126829906128405,-0.011034067597282204,-0.007776839472041219,-0.200140068213304
2017-10-05,79.28013610839844,79.6444091796875,78.82913970947266,79.54900360107422,74.56489562988281,1217453,FMC,0.9917139123966452,1.0650897285173897,0.895690636904159,1.0121464877707815,-0.02043257537413634,-0.017710747165722962,-0.2022311118671002
2017-10-06,78.95923614501953,79.31483459472656,77.8924560546875,79.06331634521484,74.1096420288086,1216646,FMC,1.0257784392948557,1.0755884035525498,0.9112146670387872,1.0081446760609294,0.017633763233926292,-0.019354819274486346,-0.1893583993969764
2017-10-09,79.21942901611328,79.41023254394531,78.40415954589844,78.71639251708984,73.78446197509766,529112,FMC,1.027324567884218,1.080328695552729,0.908372356046798,1.0143616235707735,0.012962944313444469,-0.0233867293999237,-0.19010979012989893
2017-10-10,78.81179809570312,78.9505615234375,78.19600677490234,78.64701080322266,73.71941375732422,779082,FMC,1.01632115576932,1.0492454839306928,0.9112773635036958,1.008797349947511,0.007523805821809004,-0.043605192213252764,-0.17801994919025976
2017-10-11,79.19340515136719,80.29488372802734,79.1587142944336,80.16478729248047,75.14209747314453,924591,FMC,1.0085469373872034,1.0172415036006102,0.8950014849185579,1.0091988628593096,-0.0006519254721062406,-0.0839907041420962,-0.19309556527443572
2017-10-12,79.95663452148438,80.89332580566406,79.6791000366211,80.59844207763672,75.54857635498047,1077824,FMC,1.0209835025246148,0.9719918689622,0.8716044136399381,1.0112728774332036,0.009710625091411185,-0.12669305686115262,-0.20443068732519132
2017-10-13,81.24891662597656,81.89071655273438,80.93668365478516,81.28360748291016,76.19081115722656,1206038,FMC,0.9924243592488324,0.9604851838715576,0.862971965502967,1.0098252549340065,-0.01740089568517411,-0.14776431451571748,-0.21391863834065006
2017-10-16,81.45706939697266,82.4544677734375,81.222900390625,82.40242767333984,77.23954010009766,1277063,FMC,0.969582201239616,0.9473386895478748,0.8585458963065865,1.0047827275420922,-0.035200526302476165,-0.16772307559383282,-0.22704810105361994
2017-10-17,82.26365661621094,82.26365661621094,81.59584045410156,81.89071655273438,76.75989532470703,1109763,FMC,0.988349850955261,0.942967116926793,0.8636979375857824,1.016827126331923,-0.028477275376662115,-0.17802865324252326,-0.22324034872901788
2017-10-18,81.97744750976562,82.46314239501953,81.50910949707031,81.5784912109375,76.46722412109375,1005185,FMC,0.988092544213582,0.9556287759241212,0.8509935235094055,1.016900814218988,-0.028808270005405978,-0.16095494817318523,-0.22500182091524978
2017-10-19,81.30962371826172,81.7866439819336,80.36426544189453,81.63053131103516,76.51602172851562,874089,FMC,0.9845938442381916,0.9788601339221792,0.8513041239559889,1.0195478153138224,-0.03495397107563081,-0.13769076841702232,-0.2265294173618353
2017-10-20,82.09020233154297,82.22896575927734,81.48308563232422,82.00347137451172,76.86557006835938,960103,FMC,0.9986252005474184,0.975044576018638,0.8531668328217662,1.0187296628598663,-0.02010446231244789,-0.14188094975890653,-0.21230717640269792
2017-10-23,82.36773681640625,82.42845153808594,81.55247497558594,81.70858764648438,76.58917236328125,741033,FMC,0.9889609168362106,0.971545507504162,0.8922643937021303,1.0231439317955078,-0.03418301495929721,-0.14269264546052007,-0.17619275816345825
2017-10-24,81.77796936035156,82.22029876708984,81.4397201538086,81.67389678955078,76.55664825439453,826701,FMC,1.0046723118286802,0.9737667290219588,0.932089037816088,1.0231766620252993,-0.018504350196619113,-0.1270261548244357,-0.14729178248176522
2017-10-25,81.5438003540039,81.96878051757812,79.88725280761719,80.8412857055664,75.77619934082031,1123022,FMC,1.0064371840181845,0.9815388187316768,0.9458896966594704,1.028738706809164,-0.022301522790979522,-0.1266750028228888,-0.1479315656258341
2017-10-26,81.41370391845703,81.52645111083984,80.3555908203125,80.78057098388672,75.71927642822266,842036,FMC,1.0146020873021862,0.9595831682985754,0.9419658695189778,1.0357335667629224,-0.021131479460736236,-0.14478536238886597,-0.14905616480188344
2017-10-27,80.82393646240234,81.15351104736328,79.4362564086914,80.23416900634766,75.20711517333984,1088547,FMC,1.0075668926559518,0.9282184502899148,0.937419725211556,1.0327543330408862,-0.025187440384934368,-0.1502005033061259,-0.1587090735235136
2017-10-30,80.23416900634766,80.57241821289062,79.73113250732422,80.09540557861328,75.0770492553711,1245471,FMC,1.0221982645392271,0.9012979931200644,0.950458406631615,1.0448229351223306,-0.022624670583103468,-0.14481294045241433,-0.159931085763252
2017-10-31,80.19947814941406,80.95403289794922,80.18213653564453,80.53772735595703,75.49166870117188,1150233,FMC,1.011522566702416,0.9168443686429012,0.9611310698784136,1.0378093145840102,-0.02628674788159424,-0.1368119997715901,-0.14644888125000988
2017-11-01,81.38768768310547,81.44839477539062,79.14137268066406,79.70511627197266,74.71121215820312,1478261,FMC,0.9953210339127264,0.91530386167114,0.980893736747576,1.0388512590749122,-0.04353022516218574,-0.1392801566807098,-0.12854886951149258
2017-11-02,79.48828887939453,79.77449798583984,75.9930648803711,78.18733978271484,73.28853607177734,2206957,FMC,0.9966721059329644,0.8986246724078253,1.0022737694635946,1.0310647944789963,-0.034392688546031946,-0.11942166971217416,-0.10222824182198753
2017-11-03,78.05724334716797,79.14137268066406,77.53685760498047,79.01995086669922,74.06897735595703,1766857,FMC,0.9657558339613996,0.9090567117916512,1.0112166111527074,1.0262436118253357,-0.06048777786393611,-0.11657969377610133,-0.09659370753665875
2017-11-06,79.20207977294922,79.653076171875,78.39549255371094,78.88985443115234,73.9470443725586,1647176,FMC,0.9702066168014132,0.9385287648955823,1.0198376313285882,1.0311845275729687,-0.060977910771555566,-0.09758216430686206,-0.08589065300751852
2017-11-07,79.32350158691406,82.01213836669922,79.31483459472656,81.10147094726562,76.02007293701172,2865205,FMC,0.9497382754875175,0.8769410553062328,0.9824717789448784,1.0414917955670933,-0.09175352007957571,-0.16896875472143325,-0.12935458015019174
2017-11-08,81.16218566894531,82.281005859375,80.77189636230469,80.86730194091797,75.80059051513672,1622963,FMC,0.961389927969213,0.9160088713666928,0.9833785171813532,1.0390384642435906,-0.07764853627437762,-0.14499589173104577,-0.1312747882199985
2017-11-09,80.26886749267578,80.64180755615234,79.6444091796875,79.93061828613281,74.92259979248047,1334482,FMC,0.9781899757185532,0.9265254313660898,0.9922879803019372,1.0401272810196784,-0.06193730530112529,-0.14904942136800248,-0.12039101252438622
2017-11-10,79.71379089355469,80.88465118408203,79.71379089355469,80.84996032714844,75.78433227539062,845956,FMC,0.9730746494283214,0.8956805880559787,0.9746505759873652,1.0393664161720684,-0.06629176674374693,-0.18021266058443908,-0.1386873843675629
2017-11-13,80.61578369140625,82.61058044433594,80.19080352783203,82.28968048095703,77.13385009765625,1636568,FMC,0.9470909649846768,0.8821216986439683,0.9346373641851584,1.0305050740272153,-0.08341410904253843,-0.18454551612235248,-0.17699519664544838
2017-11-14,81.62185668945312,81.9601058959961,80.23416900634766,80.6678237915039,75.61361694335938,1696409,FMC,0.9912913431652732,0.8844551635847177,0.967891986421316,1.043144349882203,-0.05185300671692983,-0.18048561885810466,-0.14576023441693486
2017-11-15,80.22550201416016,80.3208999633789,78.05724334716797,79.89592742919922,74.89008331298828,1666777,FMC,1.0198653360897874,0.908441662499148,0.951741408128551,1.0570826794517585,-0.037217343361971134,-0.15950805577444904,-0.15888669130209687
2017-11-16,80.06071472167969,81.38768768310547,79.68777465820312,80.93668365478516,75.86563110351562,1155306,FMC,1.0123230817811193,0.920161486585692,0.9506913814152652,1.0412088647392546,-0.028885782958135264,-0.15031772575192615,-0.16152332934788294
2017-11-17,81.13616943359375,81.3703384399414,80.45099639892578,80.60710906982422,75.55669403076172,922515,FMC,1.0213042695479224,0.901612350627822,0.9407519684971788,1.0392013474275237,-0.017897077879601264,-0.17370869705114345,-0.15918740342049698
2017-11-20,80.64180755615234,81.0147476196289,80.27753448486328,80.37294006347656,75.33720397949219,997691,FMC,1.0266537432713716,0.8927808504204424,0.9562762960071892,1.0381241126825425,-0.011470369411170855,-0.16492871020841626,-0.15089165578194252
2017-11-21,80.91934204101562,81.97744750976562,80.5203857421875,81.89071655273438,76.75989532470703,820014,FMC,1.0110147297410526,0.832629134089376,0.930577981096052,1.0319953792429801,-0.020980649501927573,-0.20997240571407072,-0.17499148412335253
2017-11-22,82.11621856689453,82.16825866699219,80.71986389160156,80.80659484863281,75.74369812011719,528189,FMC,1.02543715786999,0.8455199590486506,0.9511442425058004,1.0328322263084138,-0.007395068438423857,-0.18898368726972903,-0.1584797961902099
2017-11-24,81.37901306152344,82.1335678100586,81.20555114746094,82.05550384521484,76.91434478759766,493138,FMC,1.0020084677428551,0.8433450708870677,0.9643635846387928,1.0320198840812407,-0.030011416338385555,-0.199365951107641,-0.15266148685044345
2017-11-27,82.05550384521484,82.59323120117188,81.27493286132812,81.36166381835938,76.26398468017578,1039199,FMC,1.014450874858557,0.8620694346669937,0.9502205516106176,1.0369551897736957,-0.022504314915138712,-0.19496180212337455,-0.16684694387518195
2017-11-28,81.56114196777344,81.99479675292969,80.6678237915039,81.9601058959961,76.82493591308594,808599,FMC,1.0034393627233182,0.8736897937732966,0.9416888340527596,1.020376345675996,-0.01693698295267776,-0.17972338598008775,-0.1697104159783751
2017-11-29,81.751953125,82.03816223144531,79.8612289428711,80.8412857055664,75.77619934082031,1224947,FMC,1.028826421864054,0.8897580762570959,0.9574144056395512,1.026253639124301,0.0025727827397530323,-0.16429527839811386,-0.15486985780266604
2017-11-30,80.98872375488281,82.34172058105469,80.8412857055664,81.87337493896484,76.7436294555664,1329178,FMC,1.028909504489588,0.8728115613760932,0.955767510715094,1.0246409570196735,0.004268547469914452,-0.17661362109775514,-0.1550341912188411
2017-12-01,81.9601058959961,82.34172058105469,79.80052185058594,81.46574401855469,76.36152648925781,1539486,FMC,1.0392837024963288,0.8910435136556039,0.9610843714637574,1.029880242563007,0.009403459933321923,-0.17719676203573775,-0.14807955920463334
2017-12-04,82.09020233154297,82.36773681640625,79.28881072998047,79.3321762084961,74.36164093017578,1557242,FMC,1.0741336914158586,0.918621108681692,0.9911025534823016,1.036157586789428,0.03797610462643064,-0.1519901892718667,-0.1263081689728084
2017-12-05,79.15003967285156,79.56634521484375,77.40676879882812,77.9271469116211,73.04463958740234,1316150,FMC,1.094503748495813,0.9340689424089368,1.004167699400059,1.0465343935592823,0.04796935493653054,-0.13734071261626957,-0.1208575096548048
2017-12-06,77.56288146972656,78.08325958251953,76.2879409790039,76.31396484375,71.53254699707031,1507086,FMC,1.1171848419258112,0.9414044326771768,1.011131928044562,1.048372731047773,0.06881211087803818,-0.12773491190914654,-0.11685042703648385
2017-12-07,76.04509735107422,77.51951599121094,75.94102478027344,76.53945922851562,71.74391174316406,1551823,FMC,1.1069692537489293,0.9202419749504924,0.980622777318262,1.0387885930282448,0.06818066072068452,-0.13677683795828166,-0.13398822546474476
2017-12-08,77.1552505493164,78.26539611816406,76.81700134277344,77.02515411376953,72.19917297363281,1162685,FMC,1.1040496486951157,0.928200446145051,0.9808831812192166,1.0447156071702373,0.05933404152487842,-0.12878159114623355,-0.13294268648505236
2017-12-11,77.17259216308594,78.03121948242188,77.07718658447266,77.74501037597656,72.8739242553711,1077594,FMC,1.0938270769978762,0.908766170236578,0.969784953114781,1.0484619827112251,0.04536509428665103,-0.13585734959807294,-0.13466623832613822
2017-12-12,77.74501037597656,78.6296615600586,77.3373794555664,78.18733978271484,73.28853607177734,877318,FMC,1.0554142040323442,0.8888459646629867,0.9904691562370688,1.0415757419863072,0.013838462046037003,-0.15994124218560635,-0.11702731569236613
2017-12-13,78.18733978271484,79.04596710205078,77.8577651977539,78.67302703857422,73.74381256103516,1055456,FMC,1.0365298126404896,0.8873343390150107,0.9783776715079192,1.0495576207370112,-0.013027808096521598,-0.1615414531403786,-0.11211654003018123
2017-12-14,78.64701080322266,79.28881072998047,77.69297790527344,77.93582153320312,73.05277252197266,1227023,FMC,1.0051993838649182,0.8623957499253538,0.987073862790782,1.0539026313731312,-0.04870324750821298,-0.16833074280952132,-0.11337830152088313
2017-12-15,78.62098693847656,80.26019287109375,78.55160522460938,79.9653091430664,74.95512390136719,3038962,FMC,0.976319448954137,0.8204082887323328,0.9649619452068794,1.0520989179928428,-0.0757794690387058,-0.18031490888043844,-0.10887261636472001
2017-12-18,80.7025146484375,81.6131820678711,80.39895629882812,81.48308563232422,76.37779998779297,1454048,FMC,0.9580271323788024,0.810138177129517,0.9454355717630752,1.049480051520865,-0.09145291914206266,-0.20575531127746782,-0.12595680415032529
2017-12-19,81.52645111083984,82.56721496582031,81.31829833984375,81.93408203125,76.80052947998047,1265418,FMC,0.9424682053632089,0.7982561589303186,0.9498137318022064,1.0585213557872057,-0.11605315042399689,-0.2063508093620653,-0.12776098166494765
2017-12-20,82.30702209472656,83.07025146484375,81.67389678955078,82.32437133789062,77.16637420654297,752678,FMC,0.9469704976621832,0.7732652841492252,0.9323832048146244,1.0561912314345747,-0.1092207337723915,-0.22886209609423214,-0.14807285111584167
2017-12-21,82.65394592285156,83.00953674316406,82.20294952392578,82.51517486572266,77.34522247314453,818861,FMC,0.9683659944526388,0.807988237676583,0.9425963816779452,1.054691754118366,-0.0863257596657272,-0.20600815073181855,-0.13579405999896266
2017-12-22,82.67129516601562,82.8360824584961,82.17693328857422,82.79271697998047,77.60538482666016,514123,FMC,0.9657494430977596,0.7886627887257563,0.9368022255051248,1.0628648969920687,-0.09711545389430909,-0.2024751114795189,-0.15134058885379964
2017-12-26,83.05290222167969,83.27840423583984,82.46314239501953,82.86209869384766,77.67040252685547,566008,FMC,0.958020866536384,0.8011376255290182,0.9451770875745242,1.054562443450246,-0.09654157691386211,-0.2002737384626737,-0.15177915004848086
2017-12-27,82.9835205078125,83.1222915649414,82.20294952392578,82.22029876708984,77.0688247680664,842036,FMC,0.967295364629144,0.8067558838655199,0.9569051924132548,1.0427572783556516,-0.07546191372650757,-0.20519183854364964,-0.14737568067842077
2017-12-28,82.09020233154297,82.43711853027344,81.88204956054688,82.39375305175781,77.3660659790039,609706,FMC,0.9613682723527628,0.8391022161081404,0.9618952667638015,1.039387058829826,-0.07801878647706317,-0.17664174984989145,-0.14001813181425338
2017-12-29,82.6279296875,83.00953674316406,82.08152770996094,82.09886932373047,77.08916473388672,746452,FMC,0.9425312030178248,0.8271881848306912,0.9395750156543332,1.0452598484191695,-0.10272864540134474,-0.17285655380996134,-0.16220597765043632
2018-01-02,82.72332763671875,83.21768951416016,82.47180938720703,83.02688598632812,77.96055603027344,1361693,FMC,0.8954352746004627,0.81647674215825,0.9333733328923008,1.0173995405954512,-0.12196426599498855,-0.1770318765704031,-0.16722247706402626
2018-01-03,83.20034790039062,84.18907165527344,82.68863677978516,84.09366607666016,78.96224975585938,1090046,FMC,0.856951189111997,0.8191428963432897,0.9148021109709036,0.9765980219270426,-0.11964683281504562,-0.18480589598056574,-0.1806463499146106
2018-01-04,84.64874267578125,85.59410095214844,84.22376251220703,84.51864624023438,79.36128997802734,1176752,FMC,0.8721394441457317,0.8065909744845315,0.8935105344209786,0.9849127815791189,-0.11277333743338713,-0.1917659618344606,-0.19608432536221887
2018-01-05,84.96964263916016,85.41197204589844,84.3885498046875,85.06504821777344,79.87434387207031,1291937,FMC,0.8561379998070547,0.8174525684167694,0.898315740608962,0.9789917900086822,-0.12285379020162746,-0.1821742506648858,-0.19157363027943652
2018-01-08,85.42931365966797,85.55941009521484,84.48395538330078,85.14310455322266,79.9476318359375,891846,FMC,0.8237753290041241,0.8200718854352596,0.8898215040973781,0.942840182406444,-0.11906485340231987,-0.17165259903905727,-0.19752850155567636
2018-01-09,85.31656646728516,85.59410095214844,84.84822082519531,85.10841369628906,79.91507720947266,932892,FMC,0.8425556647400113,0.8233678729814679,0.886193391670483,0.9530778204901077,-0.11052215575009638,-0.17785637406594723,-0.20310442668039508
2018-01-10,84.81352996826172,85.49002838134766,84.0676498413086,84.57936096191406,79.41830444335938,855180,FMC,0.8738719456312858,0.8409532201112905,0.8921484918222903,0.966664672858564,-0.09279272722727816,-0.17232135788491776,-0.19363654763735882
2018-01-11,84.81352996826172,85.0563735961914,84.14570617675781,84.89158630371094,79.71147155761719,1089585,FMC,0.8363303509916116,0.8471778461251029,0.8809686156374146,0.9609362737659176,-0.12460592277430604,-0.15769592372304775,-0.19411299056930642
2018-01-12,85.60277557373047,85.60277557373047,84.34518432617188,84.89158630371094,79.71147155761719,783348,FMC,0.8710667612817912,0.8408296102715731,0.8862000765318184,0.9729510699723093,-0.10188430869051812,-0.15389561373278182,-0.17706495511356113
2018-01-16,85.24718475341797,85.4726791381836,81.97744750976562,82.37641143798828,77.34976196289062,1208459,FMC,0.8974519420641625,0.8685073011606973,0.9258383088120123,0.9917823196316325,-0.09433037756747009,-0.12780570590829698,-0.15636998130677893
2018-01-17,83.10494232177734,83.10494232177734,81.10147094726562,81.405029296875,76.43766021728516,1537641,FMC,0.8880250272561576,0.8798318607239543,0.9465136522332882,0.9854883712686995,-0.09746334401254186,-0.10808793663630178,-0.1293147230550944
2018-01-18,78.01387786865234,78.90719604492188,75.54206085205078,78.20468139648438,73.43260192871094,6012434,FMC,0.9265835757413176,0.8967198610113416,0.9874748544357284,0.981540936006692,-0.054957360265374455,-0.08308654224278389,-0.07804304889300773
2018-01-19,78.88985443115234,79.07198333740234,77.42411041259766,77.93582153320312,73.18014526367188,2459349,FMC,0.9138660999087976,0.8984750415664603,0.996132974306986,0.9694690060853025,-0.055602906176504874,-0.0732369911097076,-0.04968238904174993
2018-01-22,77.81439971923828,78.43018341064453,77.59757232666016,77.9271469116211,73.17200469970703,2220909,FMC,0.9297718720261215,0.906271332290181,1.0044013007881198,0.9621388743443279,-0.03236700231820633,-0.06696526767155875,-0.04504291980051289
2018-01-23,77.97051239013672,78.18733978271484,76.88638305664062,77.08586120605469,72.3820571899414,1699407,FMC,0.9644466406057556,0.91593643307589,0.9971750540013604,0.9712482450100665,-0.006801604404310879,-0.05299475176270574,-0.04507965113541368
2018-01-24,77.47615051269531,78.0398941040039,76.68690490722656,77.82306671142578,73.07427978515625,2096500,FMC,0.932241121103463,0.8905063817134113,0.9683706146340486,0.9795485186833895,-0.047307397579926525,-0.07240506709767702,-0.08515849347754634
2018-01-25,78.2740707397461,80.80659484863281,78.23070526123047,79.76583099365234,74.89848327636719,1572807,FMC,0.8980103480724541,0.8696892379761262,0.9584317925447184,0.966216685842239,-0.06820633776978491,-0.09463701299511962,-0.09746099942254649
2018-01-26,79.97398376464844,80.57241821289062,79.39289093017578,79.81786346435547,74.94735717773438,1112414,FMC,0.8527655621723418,0.875002901206291,0.9610799613172496,0.9510576163473857,-0.09829205417504394,-0.07777795064773141,-0.09176121938101223
2018-01-29,79.42758178710938,79.69644165039062,78.32610321044922,79.24544525146484,74.40986633300781,1103536,FMC,0.8606763012596059,0.9183969117353034,0.9560442118106643,0.9505813448789945,-0.08990504361938856,-0.039826520737232696,-0.10818561920306469
2018-01-30,78.52558135986328,79.92194366455078,78.2740707397461,79.39289093017578,74.5483169555664,1771008,FMC,0.8701113077548227,0.9571995119942828,0.9775218941957674,0.9691515138835962,-0.09904020612877351,-0.02236766737950624,-0.0960042970396916
2018-01-31,79.8265380859375,80.3208999633789,78.75975799560547,79.21075439453125,74.37728118896484,1185861,FMC,0.8839372602456164,0.963680374742314,0.9920829059721222,0.9806085357513575,-0.09667127550574117,-0.021310409269544972,-0.08396432141230414
2018-02-01,78.89852905273438,79.470947265625,77.14657592773438,77.38074493408203,72.65894317626953,1147581,FMC,0.9237839071195384,0.9816406754915944,0.9876356019649388,0.9878286984701531,-0.0640447913506147,-0.004939565475106322,-0.08516039571095835
2018-02-02,76.75628662109375,76.95576477050781,74.215087890625,74.34518432617188,69.80863189697266,2051187,FMC,0.9658187464706118,1.0099128334701464,1.005354451392504,1.0090257197028396,-0.043206973232227774,-0.004947000719240924,-0.082656523657898
2018-02-05,73.77276611328125,75.74154663085938,71.7866439819336,72.06417846679688,67.66679382324219,2255729,FMC,0.9898906578277102,1.0545440175023244,1.0347596440815214,1.0478685372259775,-0.05797787939826726,-0.005162733713827361,-0.10213413206664623
2018-02-06,70.529052734375,74.05897521972656,69.97398376464844,73.7120590209961,69.214111328125,1962867,FMC,0.9830573789863176,1.0483034010462045,0.9898895859273864,1.051568894585514,-0.06851151559919633,-0.001513866301069644,-0.12472171880328586
2018-02-07,73.60797882080078,74.55333709716797,72.64527130126953,72.82740783691406,68.38346099853516,1043926,FMC,0.9989282793997696,1.0716591263546984,1.0106425671222763,1.0532451350968348,-0.054316855697065236,0.021184334182750675,-0.11520475178168343
2018-02-08,72.91413879394531,73.73807525634766,70.08673095703125,70.1387710571289,65.85888671875,1520922,FMC,1.0359836408929486,1.115341922204346,1.048390362843734,1.0842445858930831,-0.04826094500013456,0.03288470455951553,-0.12011366491256692
2018-02-09,70.95403289794922,72.2463150024414,69.05464172363281,71.70858764648438,67.33290100097656,1643947,FMC,1.0001211268582322,1.1123801167032918,1.0335760478379703,1.0683764455000002,-0.06825531864176804,0.03456829430949071,-0.13064580569146034
2018-02-12,72.69731140136719,74.3538589477539,71.96878051757812,73.91153717041016,69.40142822265625,2780344,FMC,0.951302598865684,1.0866343893487929,1.0084255804156814,1.051323312301984,-0.10002071343630003,0.021227065082902508,-0.14698325049578842
2018-02-13,74.61405181884766,75.34258270263672,70.91934204101562,70.99739837646484,66.66512298583984,3364915,FMC,1.0052528453245968,1.1203395861102587,1.0478544634879814,1.0516026800277547,-0.0463498347031579,0.059776592740201195,-0.10254581916929228
2018-02-14,71.16218566894531,74.55333709716797,70.71986389160156,73.94622802734375,69.43401336669922,2486329,FMC,0.9537884077924548,1.073546935974697,0.9960579527967428,1.0231635804963441,-0.06937517270388938,0.024292953194616773,-0.13381195831674075
2018-02-15,75.38594818115234,75.88898468017578,73.3651351928711,73.92887878417969,69.41769409179688,1424993,FMC,0.9384094415080104,1.0709775972785611,1.0076001932580376,1.0138027741967723,-0.07539333268876192,0.037873636789179876,-0.11723587800067237
2018-02-16,73.75542449951172,73.79878234863281,72.1335678100586,72.28968048095703,67.87855529785156,1495902,FMC,0.964007216832502,1.0881675778000126,1.0403254902956938,1.0126035769127726,-0.04859636008027057,0.05477452060812782,-0.08914182129812498
2018-02-20,72.19427490234375,73.31309509277344,72.03816223144531,72.46314239501953,68.04144287109375,1143430,FMC,0.9259121777086468,1.059533356476685,1.0379552086444903,0.9956620495601287,-0.06974987185148196,0.019217838390366726,-0.09790568101604147
2018-02-21,72.46314239501953,72.68863677978516,71.21422576904297,71.222900390625,66.8768539428711,1669775,FMC,0.9195080406170292,1.094336972943238,1.0587200107510162,0.9806987264614347,-0.06119068584440557,0.05117568905208825,-0.08501439486207052
2018-02-22,71.83868408203125,72.93148040771484,71.29228210449219,72.4544677734375,68.03327178955078,1249160,FMC,0.90950457074412,1.0476637602796466,1.022334782994367,1.0046696471232213,-0.09516507637910132,0.009993588253886188,-0.11808584406209421
2018-02-23,72.90546417236328,74.37120819091797,72.8447494506836,74.34518432617188,69.80863189697266,1430412,FMC,0.8782079522340925,1.0331788444470285,1.000903392223592,0.976500995653683,-0.09829304341959044,-0.0040344716422080484,-0.12838146231370584
2018-02-26,74.31049346923828,74.32784271240234,70.2081527709961,72.54987335205078,68.12284851074219,2466844,FMC,0.8759187201072282,1.0434106940106829,0.996504199015388,0.9683080291768851,-0.09238930906965692,0.02229672470592292,-0.12452149674759938
2018-02-27,72.65394592285156,73.39982604980469,71.59584045410156,71.63053131103516,67.25961303710938,1530953,FMC,0.929146439844952,1.0711209761688376,1.014885912331559,0.9939380132018831,-0.06479157335693109,0.02745830216541001,-0.11470864437887118
2018-02-28,72.1335678100586,72.67129516601562,68.06591796875,68.06591796875,63.91252517700195,3109756,FMC,0.9576288692713536,1.1176380251380469,1.0611265118147388,0.9796088244001283,-0.02197995512877471,0.060747559518489425,-0.07332015394103109
2018-03-01,68.06591796875,68.43885803222656,66.40937042236328,68.20468139648438,64.04280853271484,3929193,FMC,0.971610759738339,1.1249222828234526,1.0491366737036525,0.9981950099645204,-0.026584250226181383,0.05661876547434774,-0.09130076641191232
2018-03-02,68.00520324707031,69.54032897949219,67.08586120605469,69.08065795898438,64.8653335571289,2453584,FMC,0.958535544868172,1.1434982167197971,1.034951068739003,1.0004572627883503,-0.04192171792017829,0.07697392664775449,-0.09864548256915917
2018-03-05,68.61231231689453,70.529052734375,68.40415954589844,70.01734924316406,65.7448501586914,1759478,FMC,0.9874239162132864,1.1022552400058998,1.0259560148069429,0.9956284307075198,-0.008204514494233428,0.04978051735882483,-0.09727145410587701
2018-03-06,70.54640197753906,71.77796936035156,70.18213653564453,71.48308563232422,67.12116241455078,1995612,FMC,0.9500319117315256,1.077829729457853,1.014542883627037,0.9682028074328803,-0.018170895701354772,0.027439569511547246,-0.10216287104651789
2018-03-07,70.71118927001953,72.02948760986328,70.346923828125,71.80399322509766,67.4224853515625,1379565,FMC,0.9440912845697732,1.0760390168831755,1.027836871407233,0.9677982186735337,-0.023706934103760458,0.025706284344793717,-0.09111420200012033
2018-03-08,71.9254150390625,72.55854034423828,70.50303649902344,71.33564758300781,66.98272705078125,1267378,FMC,0.9656424695542828,1.095044512481263,1.0427638742716037,0.9800165942868843,-0.014374124732601468,0.041553875990967715,-0.07504890835027545
2018-03-09,72.00347137451172,72.75802612304688,71.6131820678711,72.46314239501953,68.04144287109375,1325604,FMC,0.9407810522331091,1.0786054291791016,1.0362729426412665,0.9628220053684061,-0.02204095313529697,0.045293793090809276,-0.05480836230832087
2018-03-12,72.54119873046875,73.3044204711914,71.62185668945312,72.74935150146484,68.31017303466797,1489791,FMC,0.955838415395188,1.0789024377032084,1.0301612175995871,0.9681602160142494,-0.012321800619061407,0.04094323551593737,-0.0669973241682491
2018-03-13,73.18299865722656,73.48655700683594,72.46314239501953,72.6626205444336,68.22872924804688,1059722,FMC,0.9609266638607088,1.0750466628409026,1.0567980591478623,0.9690913782459089,-0.008164714385200056,0.030963819397952452,-0.04124571828291246
2018-03-14,72.92281341552734,73.28707885742188,71.45706939697266,71.7172622680664,67.34105682373047,1067678,FMC,0.9771083235795914,1.0740675239536457,1.0873636935569335,0.9826382916238805,-0.005529968044289069,0.025884578712356943,-0.02211026593765908
2018-03-15,71.82133483886719,72.1335678100586,70.27753448486328,70.31222534179688,66.02175903320312,1201772,FMC,1.0115919332569412,1.0656140493602435,1.11293156007601,0.995714794917482,0.01587713833945914,0.018050083425226404,0.0006884170635412801
2018-03-16,70.18213653564453,71.94275665283203,69.87857818603516,71.3703384399414,67.01530456542969,1694103,FMC,1.007677174990864,1.056757929058281,1.0950896135284949,0.99283022632097,0.014846948669894,0.010717031825488998,-0.005301400806491108
2018-03-19,70.97138214111328,71.29228210449219,70.28620910644531,70.529052734375,66.22535705566406,957451,FMC,1.0120559336151211,1.067144646089013,1.106546901082798,0.9977193171282257,0.014336616486895437,0.01649559868006789,-0.008866530668411032
2018-03-20,70.79792022705078,70.97138214111328,69.16738891601562,69.37554168701172,65.14221954345703,1314651,FMC,1.0312641091849322,1.1143316115662552,1.1167867781030951,0.9892852301876452,0.04197887899728692,0.06365766483529822,0.010446908876971861
2018-03-21,69.27146911621094,70.529052734375,68.594970703125,69.68777465820312,65.43541717529297,1667007,FMC,1.0277658754463084,1.1026031885500698,1.0979487453932149,0.9886352809649157,0.039130594481392666,0.06655637280945559,-0.007024318191793499
2018-03-22,69.10667419433594,69.73113250732422,67.06851959228516,67.09453582763672,63.00040054321289,2559660,FMC,1.045207205469248,1.1445718081011182,1.1336239387564542,1.001420944386749,0.043786261082499056,0.08179882460640742,0.0012314615001920437
2018-03-23,67.23330688476562,67.61492156982422,65.42931365966797,65.49002838134766,61.49380493164063,1275679,FMC,1.0692220806747694,1.176197216020216,1.168724370716253,1.0208790000721215,0.048343080602647914,0.10762509344812998,0.021905860188697
2018-03-26,66.49609375,67.04249572753906,65.19514465332031,65.89765930175781,61.87657165527344,1519078,FMC,1.0717091851014873,1.1670053312546562,1.186649398060685,1.0055604459985765,0.06614873910291075,0.11594141654450119,0.07193837223565902
2018-03-27,66.2792739868164,66.76496124267578,64.92627716064453,65.29054260253906,61.30649566650391,1840649,FMC,1.0814084634994552,1.189860824969993,1.2288186331639404,1.0208143643040246,0.06059409919543057,0.12212801236277482,0.09554409072965608
2018-03-28,65.07372283935547,65.55073547363281,63.07892608642578,63.40850067138672,59.67007827758789,1625269,FMC,1.0905484686155416,1.205774038906281,1.2530452809149737,1.0137855361542834,0.0767629324612582,0.13414775569180692,0.1305358160320249
2018-03-29,65.23851013183594,66.88638305664062,65.04769897460938,66.40937042236328,62.4940299987793,3472951,FMC,1.0423140393964634,1.1665966628282058,1.1884269951322866,1.0027391855749308,0.039574853821532585,0.1093933743982829,0.08808503918819
2018-04-02,66.71292114257812,67.77970123291016,64.7007827758789,65.03903198242188,61.2044792175293,1769624,FMC,1.071476398568546,1.1878362196075176,1.213466616081998,1.0209426799016275,0.05053371866691858,0.09656034336047958,0.09127373789977855
2018-04-03,65.75021362304688,66.26192474365234,64.71812438964844,66.12315368652344,62.22468185424805,2319836,FMC,1.098242520595639,1.1797936552416846,1.145254544448025,1.0073860021346626,0.09085651846097642,0.09111280386543208,0.041639295873302284
2018-04-04,64.8742446899414,66.18386840820312,63.92020797729492,66.07112121582031,62.17572784423828,2000570,FMC,1.1476763535221868,1.186114922184768,1.1109772787203922,1.0086288213636454,0.13904753215854138,0.1017943726741859,0.053676649192047954
2018-04-05,66.60017395019531,69.39289093017578,66.60017395019531,68.9852523803711,64.91803741455078,2867972,FMC,1.10409878460729,1.1463386084536764,1.0494085218870466,1.0070075641703935,0.09709122043689655,0.06883753875530241,0.01925447929565105
2018-04-06,68.30876159667969,69.16738891601562,67.21595764160156,67.76235961914062,63.76724624633789,2476298,FMC,1.1185205298739826,1.1358660978053563,1.0901863407840096,1.0294048035181318,0.08911572635585086,0.043294686915049674,0.02725961210768535
2018-04-09,68.08325958251953,68.57762145996094,67.47615051269531,67.64093780517578,63.65298080444336,1112414,FMC,1.107577875360469,1.1431719786959884,1.0814611578025903,1.0371214117684873,0.07045646359198177,0.04399621826078448,0.019529101043948227
2018-04-10,68.61231231689453,69.45359802246094,68.05724334716797,68.7337417602539,64.68136596679688,1254579,FMC,1.1032174652355602,1.1167796425442291,1.072752431139917,1.029383087600204,0.07383437763535627,0.03455358736259906,0.0028315397682823207
2018-04-11,68.15264129638672,68.75108337402344,67.8577651977539,68.02255249023438,64.01210021972656,895766,FMC,1.1334948870073802,1.1077616322101729,1.07014700732784,1.0343834471238158,0.09911143988356441,0.025789397808299697,-7.844107436305592e-05
2018-04-12,69.32350158691406,70.19080352783203,68.95923614501953,69.38421630859375,65.29348754882812,1264495,FMC,1.1223747240641315,1.0989209347629885,1.0373515391414123,1.0271557935683588,0.09521893049577268,0.018021000907286533,-0.01111077786939485
2018-04-13,69.8265380859375,70.06071472167969,69.31483459472656,69.67042541503906,65.56280517578125,1214455,FMC,1.1203788048755283,1.085053054373518,1.0164720843135375,1.0272560919411187,0.09312271293440966,-0.0032965641543312163,-0.02839198360265005
2018-04-16,70.04336547851562,70.19947814941406,69.18473815917969,69.92194366455078,65.79950714111328,853681,FMC,1.1383030592130092,1.0763030970124203,0.9937668075487048,1.0235757079403338,0.11472735127267542,-0.002777329846486154,-0.036987750675161135
2018-04-17,70.41630554199219,71.21422576904297,70.07805633544922,70.97138214111328,66.78707885742188,1277870,FMC,1.12917019080375,1.0608776689198296,0.9676645286520912,1.014767811419326,0.11440237938442399,-0.0029957278537038334,-0.0457593799707009
2018-04-18,71.51777648925781,72.43711853027344,71.0234146118164,71.76062774658203,67.52979278564453,1891842,FMC,1.1059944539000923,1.0398862761424497,0.9123795299315972,1.0120135674144037,0.09398088648568859,-0.021894545527859854,-0.06765191226167977
2018-04-19,71.76062774658203,72.05550384521484,70.44232177734375,71.222900390625,67.02376556396484,845264,FMC,1.1121528561552902,1.053959168071628,0.929413055685418,1.024856428629928,0.08729642752536226,-0.0076686207001974704,-0.07216543581996115
2018-04-20,71.24024200439453,71.94275665283203,70.90199279785156,71.38768768310547,67.1788330078125,1739992,FMC,1.1066699419801609,1.0660109679846057,0.924218910415406,1.0270315688040224,0.07963837317613853,-0.011024569813797402,-0.0679931161827323
2018-04-23,71.35298919677734,71.88204956054688,71.12749481201172,71.46574401855469,67.25228881835938,1984428,FMC,1.09830080731562,1.0757892439294776,0.9288127409842344,1.0289721591416667,0.06932864817395323,-0.004743644566834959,-0.06013872134129816
2018-04-24,71.8993911743164,72.23764038085938,68.86383056640625,69.97398376464844,65.84847259521484,1179288,FMC,1.0948192950183242,1.1012077432098262,0.9615525789863412,1.0406249194487622,0.05419437556956197,0.020840477329489904,-0.0592244362244555
2018-04-25,69.92194366455078,70.5637435913086,69.1240234375,69.86990356445312,65.75053405761719,1285134,FMC,1.1130831856008327,1.10869298335796,0.9728276824443198,1.0395306529925599,0.07355253260827288,0.03861500609807078,-0.05842931963854214
2018-04-26,70.22550201416016,70.89332580566406,69.49696350097656,70.46834564208984,66.31369018554688,1056379,FMC,1.074830749845718,1.1082787957663416,1.0071857971151883,1.0247521280151235,0.050078621830594416,0.03667785171254789,-0.03383936612707705
2018-04-27,70.42498016357422,70.88465118408203,69.87857818603516,70.45099639892578,66.29736328125,1343130,FMC,1.087898493485642,1.0886946058610811,0.994212361997982,1.0380132315445008,0.04988526194114118,0.019739618928199754,-0.04355962489602694
2018-04-30,70.36426544189453,70.8759765625,69.13269805908203,69.15003967285156,65.07311248779297,1347972,FMC,1.0923114927983812,1.087438152628193,1.0132947008434374,1.0376551498532594,0.054656342945121894,0.0009486977981230105,-0.03503323361233557
2018-05-01,68.72506713867188,69.25411987304688,67.96183776855469,69.21942901611328,65.1384048461914,1127288,FMC,1.106001636717378,1.1020393845221164,1.051768829540933,1.0446815749675655,0.061320061749812416,0.015459713696712951,-6.544036275224485e-05
2018-05-02,69.1587142944336,70.21682739257812,69.1587142944336,69.68777465820312,65.57915496826172,1558856,FMC,1.089234352821115,1.0983734568105905,1.0485729253520788,1.0548014599130375,0.034432892908077495,0.001441161999931495,-0.027878317445451772
2018-05-03,72.8447494506836,73.3651351928711,70.45099639892578,72.61925506591797,68.3377914428711,4437321,FMC,1.054221695667081,1.0409924070892471,1.003007534410139,1.0605317444062077,-0.006310048739126772,-0.06185335818017679,-0.07267602933989825
2018-05-04,73.88551330566406,76.33130645751953,73.64266967773438,75.82827758789062,71.35761260986328,3212373,FMC,1.0394601295736068,1.0212310829109637,0.9594125297966372,1.056267554793551,-0.01680742521994416,-0.06641994057683864,-0.09158420612734686
2018-05-07,76.01908111572266,76.38334655761719,75.18647003173828,76.16651916503906,71.6759262084961,2131897,FMC,1.0110452619757062,1.029472978774112,0.939836654831279,1.0491433491707594,-0.03809808719505314,-0.054047478023174556,-0.0855025239618955
2018-05-08,75.82827758789062,76.60017395019531,75.28187561035156,75.7935791015625,71.3249740600586,1630803,FMC,1.0143036892695427,1.0061070477446774,0.9330903193350696,1.0533582377542972,-0.039054548484754426,-0.07130284419054456,-0.09179433532737835
2018-05-09,75.9930648803711,76.2879409790039,74.57936096191406,74.9176025390625,70.5006332397461,1595060,FMC,1.0290577760741957,0.9954863608753444,0.9409794258180072,1.0460669201720088,-0.017009144097813067,-0.06726685529769605,-0.06863197910672902
2018-05-10,75.00433349609375,76.08846282958984,74.32784271240234,75.82827758789062,71.35761260986328,1813208,FMC,1.0279080956507467,0.9812389306729348,0.9490803203469268,1.042896340423364,-0.014988244772617287,-0.0822684790694741,-0.0640146819123909
2018-05-11,76.0017318725586,77.90979766845703,75.97571563720703,77.10321044921875,72.55738830566406,1735265,FMC,1.0114734199192827,0.9442777586521984,0.939370733152742,1.0355751904583157,-0.024101770539032952,-0.10786819104910284,-0.0736382358335742
2018-05-14,79.15003967285156,79.28013610839844,77.64093780517578,77.87510681152344,73.28376007080078,2366187,FMC,1.0056800051720642,0.9430634632488288,0.9155276343667016,1.041087727357805,-0.03540772218574073,-0.11864258283734741,-0.07715375659323409
2018-05-15,77.3634033203125,78.82046508789062,76.60884857177734,78.05724334716797,73.4551773071289,1765358,FMC,0.9985554507792288,0.9399721663574788,0.8765881550495294,1.0466187864615744,-0.048063335682345554,-0.13115906741219863,-0.10360640484064698
2018-05-16,77.70164489746094,79.7918472290039,77.70164489746094,79.59236907958984,74.8997802734375,1802600,FMC,0.9656749579108804,0.9291572478849504,0.8690873546845639,1.0408877248167445,-0.07521276690586409,-0.14041135180186015,-0.1154723923762433
2018-05-17,79.7918472290039,80.51171112060547,79.39289093017578,80.1387710571289,75.41397857666016,1803753,FMC,0.9329001773556018,0.9280265656050318,0.86555128193066,1.0349193513761987,-0.1020191740205969,-0.14618377885266376,-0.11722434994598929
2018-05-18,79.58369445800781,80.61578369140625,78.9765853881836,79.36686706542969,74.68757629394531,963793,FMC,0.9482026058665196,0.9353007574480692,0.8928354504083478,1.0385787395853494,-0.0903761337188298,-0.13867873083505367,-0.10461263886169192
2018-05-21,79.91326904296875,80.33824920654297,78.84648895263672,79.21075439453125,74.5406723022461,910524,FMC,0.9481003193897358,0.9278196596894944,0.884813660321007,1.0250893121794087,-0.07698899278967286,-0.13801995786357268,-0.10330324766726207
2018-05-22,79.25411987304688,80.0,78.96791076660156,79.00260162353516,74.34479522705078,1419689,FMC,0.9763969927305816,0.9408228480394264,0.9165658322251036,1.0307376712719065,-0.05434067854132496,-0.13658539530621228,-0.09826314517247381
2018-05-23,78.48222351074219,78.88117980957031,77.6843032836914,78.49089050292969,73.86324310302734,1096503,FMC,0.9767957185544284,0.9560342648684288,0.9210997620902672,1.0150475795387122,-0.03825186098428379,-0.1251755369403853,-0.0902078429515194
2018-05-24,77.64961242675781,77.64961242675781,76.29661560058594,76.60884857177734,72.09217834472656,2060872,FMC,1.0002261551320497,0.9796342911713988,0.9402055143754022,1.0168206501033525,-0.01659449497130283,-0.10162147361474105,-0.07668991772694733
2018-05-25,77.24197387695312,77.8577651977539,76.54813385009766,77.77103424072266,73.1858139038086,1451627,FMC,0.9882904664850894,0.967453386778636,0.9588409245407742,1.0047051141844092,-0.016414647699319773,-0.11876292508975339,-0.06981711904207188
2018-05-29,77.1639175415039,77.52819061279297,75.60277557373047,75.74154663085938,71.27599334716797,1567158,FMC,1.0131081393667312,0.9758233717289996,0.9564885985626432,1.0170681966545738,-0.003960057287842655,-0.11183755276716412,-0.04416325968490953
2018-05-30,76.07112121582031,77.03382873535156,75.84561920166016,76.64353942871094,72.12480163574219,909025,FMC,1.011388535640927,0.9687610210014406,0.9373948938926806,1.0058059528088674,0.0055825828320594795,-0.1075564495342276,-0.05109597130927368
2018-05-31,76.76496124267578,76.81700134277344,75.39462280273438,75.53339385986328,71.08010864257812,1159918,FMC,1.0122189267944184,0.9550450313912396,0.9229356122161146,1.0168871932272077,-0.004668266432789281,-0.13050572645098246,-0.05114716659998131
2018-06-01,75.88898468017578,76.85169219970703,75.63746643066406,76.55680847167969,72.04318237304688,1103306,FMC,1.011967051451872,0.9474988679258072,0.9027518616213506,1.0077177169743035,0.004249334477568478,-0.12482649667319001,-0.061364183530191685
2018-06-04,76.83434295654297,76.93842315673828,75.63746643066406,75.90633392333984,71.43106842041016,1137896,FMC,1.0177769817037188,0.949436658334591,0.9038357133847142,1.0112024797155206,0.0065745019881982,-0.11347661019455746,-0.05345755042611877
2018-06-05,75.9930648803711,76.91239929199219,75.97571563720703,76.55680847167969,72.04318237304688,964023,FMC,1.0190039144986405,0.9326303600906676,0.9060491733210884,1.01633028397258,0.0026736305260604,-0.1245348438342413,-0.054758858740974636
2018-06-06,76.88638305664062,78.83781433105469,76.47007751464844,78.82046508789062,74.17339324951172,1596905,FMC,0.9942589298250216,0.9050744929955652,0.8641242000790985,1.01575942124869,-0.02150049142366839,-0.14821408156989135,-0.08230628813280505
2018-06-07,78.83781433105469,79.23677062988281,76.8083267211914,77.00780487060547,72.46760559082031,1328833,FMC,1.026914744410523,0.930778986182412,0.8729338523219624,1.0174469663824934,0.009467778028029672,-0.12545608745012837,-0.06223336589556272
2018-06-08,76.99046325683594,77.3980941772461,75.967041015625,76.8777084350586,72.34518432617188,1446439,FMC,1.0011869322920248,0.9412830764441344,0.8636533807585989,1.0052080736804023,-0.004021141388377503,-0.11024831290427195,-0.04390437634760802
2018-06-11,76.94709777832031,77.88378143310547,76.64353942871094,77.09453582763672,72.54922485351562,1132477,FMC,1.0029921637761945,0.9552040913761998,0.861789070594159,1.0105777092882633,-0.007585545512068803,-0.09842465696789382,-0.044435844431272686
2018-06-12,77.1986083984375,78.2740707397461,76.93842315673828,77.94449615478516,73.34906768798828,1482643,FMC,0.9848091467357686,0.952257065704848,0.8360852897058865,1.0061680526397327,-0.021358905903964165,-0.09852927663162647,-0.052458871883645064
2018-06-13,78.04856872558594,78.55160522460938,77.70164489746094,77.98786163330078,73.3898696899414,1449782,FMC,0.9662116709048224,0.9607525742105216,0.8049238114356292,1.0074181839888556,-0.041206513084033225,-0.08646307880413984,-0.07283875551460484
2018-06-14,78.05724334716797,78.70771789550781,78.05724334716797,78.31743621826172,73.70001220703125,1162224,FMC,0.9735735208500864,0.9548233293388576,0.7877533331235337,1.0075359550207903,-0.03396243417070388,-0.09285390216188494,-0.06770577798486066
2018-06-15,78.05724334716797,78.25672149658203,77.10321044921875,77.94449615478516,73.34906768798828,2172944,FMC,0.9698708416020828,0.9830252915303076,0.7828108960580337,1.0096019294644618,-0.039731087862379,-0.06004124646974229,-0.04960102525370391
2018-06-18,77.09453582763672,77.73634338378906,76.75628662109375,76.86036682128906,72.32884216308594,1490944,FMC,0.9791420849539773,1.0123792678828465,0.831795528109595,1.0102476448598272,-0.031105559905849955,-0.03730483065388168,-0.03997838806016418
2018-06-19,75.76756286621094,75.88898468017578,74.10234069824219,74.76148986816406,70.35371398925781,1192663,FMC,1.007095667231512,1.044403985424342,0.8638113271712914,1.010631938115176,-0.00353627088366415,-0.009033410782174567,-0.018149244067867665
2018-06-20,75.14310455322266,75.44666290283203,74.23243713378906,75.25585174560547,70.81895446777344,1062720,FMC,0.991589120120245,1.0362729092597138,0.8517394026662553,1.0076096239040084,-0.016020503783763407,-0.007360120104681123,-0.02711817063545041
2018-06-21,75.19514465332031,75.6201171875,74.8829116821289,75.09973907470703,70.67203521728516,1395015,FMC,0.999551123405978,1.0369230686188515,0.8620183793266312,1.008634820248486,-0.009083696842508093,-0.014258540158168964,-0.030861800394566097
2018-06-22,75.62879180908203,77.53685760498047,75.42931365966797,77.13790130615234,72.59003448486328,2380945,FMC,0.9865455129060096,1.0022032638321992,0.8518373652231153,1.0148038426897,-0.02825832978369036,-0.04129795335807951,-0.037713424810431495
2018-06-25,76.843017578125,77.42411041259766,75.35993194580078,76.6695556640625,72.14929962158203,2993649,FMC,1.002771881638444,0.9957786779458024,0.8334086234461237,1.0325715690378434,-0.02979968739939931,-0.06213951610335089,-0.050563485736722535
2018-06-26,76.50476837158203,77.13790130615234,75.9323501586914,76.62619018554688,72.10848236083984,1240628,FMC,1.0056077388722076,0.9904349650522783,0.877973249050961,1.0198612964637193,-0.0142535575915117,-0.06677533170210026,-0.03386573272389359
2018-06-27,77.3720703125,77.97918701171875,76.73894500732422,76.86036682128906,72.32884216308594,1939000,FMC,1.0078573578898358,0.9936466051762574,0.8855476511995524,1.0240098685139658,-0.016152510624130034,-0.07278445395251554,-0.050645707546508545
2018-06-28,76.75628662109375,76.79097747802734,75.55941009521484,76.59149932861328,72.21028900146484,1055456,FMC,1.0177781825546948,1.0168328852319033,0.9022868757083524,1.0280310192931805,-0.01025283673848576,-0.03880799713772043,-0.04077594933850315
2018-06-29,76.8083267211914,78.15264129638672,76.47007751464844,77.3720703125,72.94619750976562,1607282,FMC,0.989463251699263,1.0327414831855903,0.8969106819601381,1.0229810328203164,-0.033517781121053414,-0.023012298497165906,-0.051267654904594395
2018-07-02,76.79097747802734,77.18126678466797,75.9930648803711,76.31396484375,71.9486312866211,972325,FMC,0.9835209365914738,1.0392040635172168,0.9235423629262268,1.0280373837237413,-0.044516447132267545,-0.0034332065360587194,-0.02877264054299289
2018-07-03,77.12922668457031,78.04856872558594,76.93842315673828,77.32870483398438,72.90532684326172,712785,FMC,0.984634329118078,1.0187128362352391,0.907581714106557,1.0316057780571557,-0.046971448939077676,-0.016842220474870828,-0.04650107689635852
2018-07-05,77.52819061279297,77.90113067626953,75.98439025878906,77.11188507080078,72.70089721679688,1415999,FMC,0.9907773616934822,1.0215773825140213,0.9051485919060994,1.0278585751886447,-0.03708121349516247,-0.003049187383076024,-0.03493153782210501
2018-07-06,76.89505767822266,78.41283416748047,76.75628662109375,77.8664321899414,73.41228485107422,824164,FMC,0.9690356614508284,0.9707244477538882,0.888972121515709,1.022944787767895,-0.05390912631706657,-0.03943307566077092,-0.05134461735000351
2018-07-09,78.2740707397461,78.81179809570312,77.95316314697266,78.22203063964844,73.74755859375,1344629,FMC,0.9881359246201212,0.9366523074121892,0.8842605811566855,1.0132572440264689,-0.025121319406347653,-0.03561563829204928,-0.05295964211583182
2018-07-10,78.22203063964844,78.99392700195312,78.00520324707031,78.93321990966797,74.41805267333984,1011642,FMC,0.9915393726324756,0.9154437564504774,0.8790604752472365,1.014019569285541,-0.022480196653065332,-0.03722585443537563,-0.0666019863286621
2018-07-11,77.95316314697266,78.05724334716797,76.60884857177734,76.82566833496094,72.4310531616211,1119794,FMC,0.9907430024785956,0.95978420598202,0.9171635496993106,1.0161209399346474,-0.02537793745605177,-0.009029063622580602,-0.048239933806998314
2018-07-12,77.38941955566406,77.50216674804688,76.25325012207031,77.18126678466797,72.76630401611328,914790,FMC,0.964490635771484,0.94601790277978,0.9005997824405971,1.0037965838177763,-0.03930594804629228,-0.016739969796004117,-0.04506353092448423
2018-07-13,77.0164794921875,77.84909057617188,76.57415771484375,76.61752319335938,72.23483276367188,824510,FMC,0.9693227604160726,0.9605766350611388,0.8904633562189295,1.0115806406556596,-0.04225788023958699,-0.024062241504538506,-0.05458630263537223
2018-07-16,76.53079223632812,77.03382873535156,74.89158630371094,75.21248626708984,70.91014862060547,1187475,FMC,0.9662132901385628,0.9660444776307288,0.9037293146846976,1.0069134712233376,-0.0407001810847748,-0.01946429923125459,-0.04993079508926568
2018-07-17,74.63139343261719,76.6348648071289,74.58802795410156,76.1058120727539,71.75238037109375,1952144,FMC,0.9631908546424734,0.9439728613097582,0.9111445859997228,1.0107632127673372,-0.04757235812486371,-0.022650407026383546,-0.04888855750143173
2018-07-18,76.1058120727539,76.45272827148438,75.29054260253906,75.45533752441406,71.13912200927734,1498208,FMC,0.9705745614143274,0.9367948232728792,0.9161045808355266,1.0123701639629037,-0.04179560254857628,-0.020747423396711318,-0.03790970331042154
2018-07-19,75.06504821777344,75.4032974243164,74.2411117553711,75.1170883178711,70.8202133178711,1086126,FMC,0.9826809387552792,0.923315012571442,0.9316279249649908,1.0156203938264288,-0.03293945507114959,-0.029050160651939105,-0.0215043450773158
2018-07-20,74.60537719726562,75.42063903808594,74.44926452636719,75.15177917480469,70.85292053222656,919633,FMC,0.9877669828059812,0.9121358258368784,0.9370108262945156,1.0254269547025365,-0.037659971896555344,-0.03733396663687494,-0.030272706460519494
2018-07-23,75.02168273925781,75.02168273925781,74.13703155517578,74.48395538330078,70.22330474853516,811251,FMC,0.9947601715674692,0.8773839513645185,0.9360282233028032,1.0245017604647775,-0.02974158889730827,-0.04321873306156343,-0.0393845307836429
2018-07-24,75.16045379638672,75.83694458007812,74.66608428955078,74.92627716064453,70.64031219482422,918480,FMC,0.9790486346911054,0.8818302300893825,1.000814777717644,1.028705132789729,-0.0496564980986236,-0.05841639346082306,0.015456594383770117
2018-07-25,74.47528076171875,76.0017318725586,74.47528076171875,75.95836639404297,71.61337280273438,921132,FMC,0.976706992632404,0.8669881813343151,0.9799699739242752,1.0275315155090796,-0.050824522876675604,-0.05235899706096958,-0.005286900865045907
2018-07-26,75.94102478027344,76.88638305664062,75.6461410522461,76.73894500732422,72.34928894042969,690532,FMC,0.9760398803496712,0.8633779768903527,0.9676109774093886,1.0295081833374728,-0.0534683029878017,-0.049525551611916074,-0.01834254479112951
2018-07-27,77.0511703491211,77.73634338378906,76.33130645751953,76.91239929199219,72.51284790039062,942578,FMC,0.9739511283400832,0.8731800016076758,0.9701996043097496,1.0411669837331483,-0.06721585539306507,-0.0688708915371189,-0.024717443056100463
2018-07-30,77.09453582763672,77.91847229003906,76.90373229980469,77.32003784179688,72.89715576171875,1703096,FMC,0.9712843084966094,0.877454531639465,0.9517512498461502,1.0547896538977317,-0.08350534540112231,-0.08241862611445827,-0.04663666062577443
2018-07-31,77.67562866210938,78.31743621826172,76.99913024902344,77.95316314697266,73.49405670166016,1240167,FMC,0.9463728534364066,0.9087837834330754,0.947607877203114,1.039332918396705,-0.0929600649602984,-0.05905749486403178,-0.04504423800585766
2018-08-01,77.95316314697266,78.22203063964844,76.40069580078125,76.55680847167969,72.17758178710938,1641757,FMC,0.9680526105495928,0.9132151079334409,0.9672882713948372,1.0441469543239128,-0.07609434377432,-0.05446595325335024,-0.031073456719087456
2018-08-02,73.7207260131836,76.22723388671875,73.11361694335938,75.0563735961914,70.76298522949219,2183782,FMC,0.9593250534822144,0.9318182357262702,0.957524307696156,1.036080044554326,-0.07675499107211148,-0.031263483919550916,-0.04527694448131936
2018-08-03,75.38594818115234,76.77363586425781,75.02168273925781,76.1405029296875,71.78508758544922,1019367,FMC,0.9509054879814732,0.9543840667700072,0.967183812545734,1.0300075892155895,-0.07910210123411632,-0.011409740801184176,-0.03635309017128685
2018-08-06,75.73287200927734,76.78231048583984,75.37727355957031,76.40069580078125,72.03040313720703,896342,FMC,0.9415367948608906,0.9546597460547523,0.9602305604316584,1.0208245578915283,-0.07928776303063767,-0.023083394128136647,-0.037199788275165235
2018-08-07,76.86036682128906,77.09453582763672,75.35993194580078,75.45533752441406,71.13912200927734,900493,FMC,0.9444825466062128,0.9635109032300064,0.9882394981653944,1.0153550048561928,-0.07087245824998001,-0.008563245843491551,-0.015622838976415476
2018-08-08,75.88898468017578,77.47615051269531,75.88898468017578,77.29401397705078,72.87261199951172,1508124,FMC,0.9212301363578448,0.9394666357607172,0.9776170570689036,1.0213436192153664,-0.10011348285752164,-0.023829200555363084,-0.029765580755753307
2018-08-09,77.32003784179688,79.34952545166016,77.31136322021484,78.26539611816406,73.7884292602539,1738724,FMC,0.914117906277526,0.9129298915163648,0.9762002076802828,1.0211666951779201,-0.10704878890039415,-0.03155662192844544,-0.031419458017193036
2018-08-10,77.3980941772461,77.40676879882812,75.7588882446289,76.11448669433594,71.76055908203125,1263457,FMC,0.9489516043292436,0.9274264815326714,1.0123950115885942,1.0270259004091946,-0.07807429607995098,-0.02262476998045282,0.0017339348694556111
2018-08-13,75.83694458007812,76.01908111572266,73.64266967773438,74.44058990478516,70.18241882324219,1280291,FMC,0.9874170421624208,0.9452459248066356,1.0387984498230776,1.0361343742708915,-0.048717332108470734,-0.003153343489263438,0.014145069095880869
2018-08-14,74.63139343261719,75.17779541015625,73.93755340576172,74.26712799072266,70.01886749267578,822666,FMC,0.9975478106105652,0.9672265242228476,1.051224225996738,1.0304608447362038,-0.03291303412563862,0.01613973158321924,0.03486091364026467
2018-08-15,73.49523162841797,73.92021179199219,71.51777648925781,72.67129516601562,68.51432800292969,1182978,FMC,1.0291205982866962,0.9948034087910106,1.064931054718601,1.0307359015638238,-0.0016153032771275555,0.03390304724841109,0.04398444345951491
2018-08-16,73.32176971435547,73.8941879272461,73.16565704345703,73.3044204711914,69.11123657226562,800874,FMC,1.018220690556588,0.9708017223069304,1.068128578664042,1.0271667832483622,-0.008946092691774155,0.03663015825710658,0.053172122415246825
2018-08-17,73.05290222167969,73.7207260131836,72.25498962402344,73.23503875732422,69.04582214355469,861637,FMC,1.0442918399544574,0.9325682040633488,1.0677089238046429,1.0197024215319765,0.024589418422480858,0.017954131908502924,0.06094677559059414
2018-08-20,73.339111328125,74.28447723388672,73.27840423583984,73.81613159179688,69.59367370605469,827508,FMC,1.0521677672191685,0.9353501322438972,1.070429659467854,1.0223927591148063,0.029775008104362177,0.015520961295450664,0.06056477626798351
2018-08-21,73.80745697021484,74.70945739746094,73.56461334228516,74.23243713378906,69.98617553710938,858870,FMC,1.0498887632576013,0.9326794232084932,1.071498168365596,1.0153576837490752,0.034531079508526075,0.018727155057485012,0.07420290485630465
2018-08-22,74.37120819091797,74.68343353271484,73.87684631347656,74.09366607666016,69.8553466796875,1029975,FMC,1.0505676009820797,0.9545971638517794,1.0752722780928083,1.0093416701778264,0.0412259308042533,0.02633792802357615,0.08004943666441489
2018-08-23,73.86817169189453,73.92021179199219,71.95143127441406,73.35646057128906,69.1603012084961,1431565,FMC,1.0595885550314017,0.9536483206414488,1.0774273167097244,1.0113582232611953,0.048230331770206414,0.026464998263505568,0.0905630257252662
2018-08-24,73.8248062133789,74.70945739746094,73.3304443359375,74.18907165527344,69.94528198242188,691224,FMC,1.0400983085707605,0.9742172334941996,1.056645667236919,0.9990272938710923,0.04107101469966812,0.032402783879405095,0.08230886528148951
2018-08-27,74.51864624023438,75.5854263305664,74.34518432617188,74.90026092529297,70.61579132080078,774240,FMC,1.0174032301855938,0.9634589427786155,1.042712138061593,0.9932191999359588,0.024184030249635002,0.028423401505766943,0.07581094775206187
2018-08-28,75.07372283935547,75.55073547363281,74.47528076171875,74.908935546875,70.62397003173828,717281,FMC,1.0112538586394364,0.959751534678467,1.0548290585594953,0.9940396115641873,0.0172142470752491,0.01950833643414518,0.07480568918961128
2018-08-29,74.93495178222656,75.6461410522461,74.34518432617188,75.09973907470703,70.80386352539062,943269,FMC,1.0150478362795412,0.9910978013457172,1.0525513759961311,0.9863033577406791,0.028744478538862084,0.04429125394142208,0.0738749382737991
2018-08-30,74.70945739746094,75.23851013183594,73.39982604980469,73.77276611328125,69.55278015136719,1524497,FMC,1.0556845657210692,0.9801861958562252,1.0716208617810803,0.9878902855184554,0.0677942802026138,0.05993240068261063,0.08238655486958446
2018-08-31,73.84214782714844,75.09973907470703,73.7207260131836,74.11101531982422,69.87169647216797,1060645,FMC,1.0781842722108863,0.9676224306833324,1.048787521334652,0.9879708571431072,0.09021341506777913,0.04934658344296794,0.06193527274811916
2018-09-04,73.21768951416016,73.62532806396484,71.63919830322266,72.00347137451172,67.88470458984375,1391325,FMC,1.1014161503583364,0.9663791568777124,1.08060478878786,0.9790277137708221,0.1223884365875143,0.06770804644876816,0.09041634215838446
2018-09-05,72.1075439453125,73.156982421875,71.55247497558594,72.40242767333984,68.26083374023438,1273373,FMC,1.0880264452641777,0.9527735516957256,1.07019817853504,0.9747074081630952,0.11331903710108249,0.05403421082865112,0.07277957743050001
2018-09-06,72.40242767333984,72.74935150146484,71.43104553222656,71.93408203125,67.81927490234375,1172370,FMC,1.0951103855371591,0.9519705242581792,1.0680637690106924,0.9766839873062472,0.11842639823091194,0.051782212599152055,0.06966745648823203
2018-09-07,71.47441864013672,72.08152770996094,70.75455474853516,71.2662582397461,67.18965911865234,1182171,FMC,1.0606260041379938,0.9714986902560248,1.069732611018246,0.9729456327900377,0.08768037134795614,0.06298803724564517,0.07553836849369255
2018-09-10,71.5438003540039,72.28968048095703,71.03208923339844,71.20555114746094,67.1324462890625,918480,FMC,1.0289483661212222,0.9547547818070404,1.097947946082273,0.9403069119583949,0.08864145416282732,0.05673515424719855,0.094236555220641
2018-09-11,70.39895629882812,71.80399322509766,70.26019287109375,71.5438003540039,67.45132446289062,852298,FMC,1.0099956113462534,0.9378529868860692,1.0557266275910588,0.9210338084476081,0.0889618028986453,0.05240614360846896,0.07640513396123827
2018-09-12,71.52645111083984,72.6365966796875,71.30962371826172,72.22896575927734,68.09729766845703,881469,FMC,1.0208654855237975,0.9175277898559532,1.0385993220212897,0.9287627078344606,0.09210277768933695,0.05365495721711888,0.05976147720591096
2018-09-13,72.67996215820312,73.5125732421875,72.65394592285156,73.50390625,69.29931640625,1087740,FMC,0.993346397745288,0.9022041240972344,1.0289443147789326,0.9265966228653494,0.0667497748799386,0.04139763582382605,0.04563489241411911
2018-09-14,73.61665344238281,74.47528076171875,73.57328796386719,74.08499908447266,69.84716796875,1064104,FMC,0.9934131133473614,0.8780037658077415,1.0241370624689787,0.9450727450922518,0.04834036825510957,0.03217065349792203,0.047928319292764865
2018-09-17,74.31916809082031,75.19514465332031,74.19774627685547,74.78751373291016,70.50950622558594,1088317,FMC,0.971533643474198,0.837805521465356,1.0303600307385274,0.9498029031390749,0.021730740335123122,0.00010905824464690905,0.03967619540161649
2018-09-18,75.04769897460938,75.30789184570312,74.55333709716797,74.64006805419922,70.37049102783203,921247,FMC,0.962509978478037,0.825025226047831,1.042300290309609,0.9312963299920387,0.03121364848599828,0.008350745446648267,0.05091396347328714
2018-09-19,75.02168273925781,77.45012664794922,74.56201171875,76.47875213623047,72.10398864746094,1343130,FMC,0.9242590109169432,0.7963283374320984,1.0453145094168608,0.9281535809731143,-0.0038945700561711094,-0.0023028611683436617,0.039151861180108494
2018-09-20,77.11188507080078,78.01387786865234,76.55680847167969,77.66695404052734,73.2242202758789,1782423,FMC,0.8930018770229572,0.8216244193236987,1.0295830904352057,0.9173105895814623,-0.024308712558505086,-0.008789980599838043,0.030801914105231476
2018-09-21,78.63833618164062,78.9765853881836,77.40676879882812,77.93582153320312,73.47769927978516,1898299,FMC,0.8795524059147726,0.8270854374615625,1.0285005434089074,0.9119866221941441,-0.032434216279371486,-0.009948747252385925,0.024325521509525494
2018-09-24,77.93582153320312,78.3868179321289,77.21595764160156,77.84041595458984,73.38776397705078,1269568,FMC,0.8395514082894198,0.8219257640100962,1.0451129375041128,0.8905498993775471,-0.05099849108812737,-0.020179749651190848,0.03395087464920987
2018-09-25,77.91847229003906,78.36946868896484,77.35472869873047,77.72766876220703,73.28146362304688,1064219,FMC,0.8500480159181306,0.831323369509767,1.047801658027549,0.9049442418293064,-0.05489622591117582,-0.019270574278556718,0.029390712439190114
2018-09-26,77.40676879882812,77.62358856201172,76.61752319335938,77.1639175415039,72.74996948242188,919518,FMC,0.8534429400751969,0.8499646688096797,1.0593937339730213,0.8967353845070432,-0.04329244443184621,-0.0043284980969550135,0.03410908511830213
2018-09-27,77.0164794921875,77.52819061279297,76.0017318725586,76.06244659423828,71.84473419189453,1009452,FMC,0.8694413503988018,0.8369416235798172,1.0637051756147742,0.8940192753436789,-0.024577924944877094,-0.0017443274473503134,0.046882710145627726
2018-09-28,75.84561920166016,76.38334655761719,75.06504821777344,75.6114501953125,71.41876220703125,916635,FMC,0.8865565110565111,0.8864521952782822,1.075129793825446,0.9113153745879687,-0.02475886353145762,0.021394728207292046,0.05222866129347059
2018-10-01,76.12315368652344,76.660888671875,75.74154663085938,76.08846282958984,71.86930847167969,941425,FMC,0.8900035498734933,0.891209859306539,1.0613485867490782,0.9236523660614411,-0.033648816187947794,0.011365998552998469,0.03219144181945843
2018-10-02,75.97571563720703,77.81439971923828,75.97571563720703,77.73634338378906,73.42579650878906,1289976,FMC,0.9096286330538464,0.8873502114386996,1.0398903124729195,0.9440697883215469,-0.03444115526770042,-0.007836945648392213,-0.001018106516803785
2018-10-03,78.11795043945312,80.45099639892578,78.1006088256836,79.75715637207031,75.33456420898438,1911443,FMC,0.8749457680439997,0.8684755057902107,1.0108809254614932,0.9398574419912977,-0.06491167394729802,-0.03178680792484245,-0.02616693764430389
2018-10-04,79.75715637207031,80.15611267089844,78.41283416748047,79.1587142944336,74.7693099975586,1595291,FMC,0.881889107354643,0.8887016471052573,1.0312928468638736,0.9515964929494279,-0.06970738559478495,-0.02684531645788235,-0.01721557393642037
2018-10-05,79.05464172363281,79.40155792236328,78.04856872558594,78.6296615600586,74.26959228515625,1170756,FMC,0.9224575188213996,0.8909102563786485,1.0381033182038948,0.963805777686949,-0.04134825886554938,-0.03255416366645636,-0.00989095075947155
2018-10-08,78.2740707397461,79.41023254394531,78.23937225341797,78.6296615600586,74.26959228515625,816555,FMC,0.9258772567805114,0.886030375573312,1.02781893653443,0.9817406222856885,-0.05586336550517712,-0.033308119526138324,-0.024132821828459328
2018-10-09,77.9271469116211,78.16131591796875,75.02168273925781,75.44666290283203,71.26309967041016,2158647,FMC,0.9618346664565444,0.9157821496848648,1.064749929795708,0.985404470737889,-0.023569804281344586,-0.01656108950262547,0.008782383571724894
2018-10-10,75.34258270263672,75.4032974243164,72.93148040771484,73.13096618652344,69.07582092285156,1921129,FMC,0.9911049440981604,0.9440649151868816,1.107726212311018,1.004670879558299,-0.013565935460138623,-0.020863021184848618,0.005315270790434035
2018-10-11,73.14830780029297,73.14830780029297,71.2662582397461,72.12489318847656,68.12554168701172,2351889,FMC,0.988816544449871,0.9602561261171164,1.1175718145697262,1.005569825537468,-0.016753281087597105,-0.03302630655140715,-0.007163276911177796
2018-10-12,73.42584228515625,74.2411117553711,72.61925506591797,73.59930419921875,69.51818084716797,1587220,FMC,0.9573415473655456,0.955593501104656,1.0848827471192302,0.9966747140918392,-0.03933316672629361,-0.04215197561668471,-0.023231070948708465
2018-10-15,73.48655700683594,74.032958984375,72.86209869384766,72.87944793701172,68.83822631835938,1062605,FMC,0.9637035835138766,0.9519902105385888,1.102533769031308,0.9891317727722226,-0.025428189258346,-0.03129047789218542,-0.014077345756506876
2018-10-16,73.70338439941406,74.31049346923828,72.93148040771484,73.46054077148438,69.38709259033203,1203617,FMC,0.9760331973384512,0.9270091773180108,1.0913354528816492,0.9777864585235492,-0.0017532611850979984,-0.03339210343123422,-0.0002021232792206451
2018-10-17,73.3651351928711,73.7207260131836,71.83000946044922,72.52384948730469,68.50235748291016,1313498,FMC,0.9949772468099928,0.9354945197773272,1.101946252820969,0.9825023252332036,0.0124749215767892,-0.03301685273820065,0.0061950732681272935
2018-10-18,72.22029876708984,73.09626770019531,71.52645111083984,71.70858764648438,67.7322998046875,947305,FMC,0.990565914468977,0.96522328484689,1.085153564934047,0.9779319429497442,0.012633971519232845,-0.029593233248109918,-0.017131934941360782
2018-10-19,71.81266021728516,72.54119873046875,70.24284362792969,70.5550765991211,66.64276123046875,1213187,FMC,0.9661955352032054,0.9779137950772754,1.0984532341156268,0.968237340120051,-0.00204180491684558,-0.02131219424494446,-0.01463652850353614
2018-10-22,71.14483642578125,71.16218566894531,69.11534881591797,69.22810363769531,65.38936614990234,1547441,FMC,0.9954898745320548,1.009003332860794,1.1323581521495,0.9826563959246815,0.012833478607373383,0.005012250411004615,0.001353829905061943
2018-10-23,67.84041595458984,68.93321990966797,66.6695556640625,68.4215087890625,64.62748718261719,1201426,FMC,1.01001398442235,1.0272711582562986,1.1265012949107611,0.9881077347865406,0.02190624963580934,0.005861157142947215,-0.007477656527293597
2018-10-24,67.8924560546875,68.32610321044922,65.1257553100586,65.2298355102539,61.61280059814453,1289169,FMC,1.082302949597144,1.0668399186548605,1.216642790549887,1.0352093368410413,0.047093612756102576,0.0037120775917638404,0.06489512454340307
2018-10-25,65.9323501586914,66.47875213623047,65.09973907470703,65.94969940185547,62.292762756347656,1103998,FMC,1.058784394593548,1.1349290867656023,1.210259678178511,1.0143747476211535,0.04440964697239447,0.08480967305275122,0.0787108081690373
2018-10-26,64.92627716064453,66.44406127929688,64.3798828125,65.73287200927734,62.08794784545898,1403201,FMC,1.0975060615386487,1.1303152626787585,1.225785625359771,1.0530815682361059,0.04442449330254283,0.0559624932992151,0.07714191505995771
2018-10-29,66.54813385009766,67.21595764160156,65.42931365966797,66.13182830810547,62.46478271484375,1557588,FMC,1.0891803780059663,1.120726962360627,1.2142640433134686,1.055315029975959,0.03386534803000729,0.036313913770128714,0.05493833353770272
2018-10-30,66.19254302978516,67.20728302001953,65.55073547363281,67.03382873535156,63.31676864624024,1308194,FMC,1.0705136265205115,1.1111106559053616,1.1308206096464832,1.039498234163286,0.031015392357225613,0.051853124512392545,0.02832344947550225
2018-10-31,67.9271469116211,68.70771789550781,67.59757232666016,67.718994140625,63.96393966674805,1281790,FMC,1.097079914595644,1.084673012136443,1.1214687373622827,1.0407634740694096,0.05631644052623441,0.043153072275574855,0.0187518653318135
2018-11-01,68.71639251708984,70.98872375488281,67.99652862548828,70.71118927001953,66.79020690917969,1604630,FMC,1.0207286089186078,1.042720935912142,1.0818757492010236,0.9864869819371144,0.03424162698149347,0.017545117027235824,-0.005722763961908628
2018-11-02,71.12749481201172,71.3703384399414,69.14137268066406,69.78317260742188,65.91365814208984,1617659,FMC,1.025727029603209,1.0592118581828558,1.097566796902807,0.988961756405294,0.036765273197915005,0.027661984356163627,-0.0031253557096482254
2018-11-05,70.0,70.99739837646484,69.58369445800781,69.80919647216797,65.93824005126953,3084736,FMC,0.9949061960922434,1.0275870024692637,1.089338267155575,0.9641545570690643,0.030751639023179123,-0.014803788430763465,-0.00012946909101874127
2018-11-06,70.62445831298828,73.35646057128906,70.26019287109375,72.53252410888672,68.51054382324219,2725116,FMC,0.9493008429795984,1.013411525004861,1.016941664938717,0.9564908430667262,-0.007190000087127779,-0.027264035350887506,-0.05870515974243773
2018-11-07,72.81005859375,73.7207260131836,72.20294952392578,72.8013916015625,68.7645263671875,2357309,FMC,0.938884539665802,1.0058353925573251,1.0320688632906043,0.9384431965267839,0.0004413431390181133,-0.016475136625619724,-0.037478213194262144
2018-11-08,72.40242767333984,73.0182113647461,71.36166381835938,72.56721496582031,68.54331970214844,3784031,FMC,0.9523125829937524,1.0256650909216385,1.0200771139266995,0.9476590583772034,0.0046535246165489985,-0.010214358001472856,-0.04787316589681123
2018-11-09,72.16825866699219,72.81005859375,71.63919830322266,72.48048400878906,68.46138763427734,1431680,FMC,0.9362215158606504,1.0406085962566354,0.99521807356455,0.9499672718524811,-0.0137457559918307,-0.008905402409491225,-0.06915113406147821
2018-11-12,72.4891586303711,72.85342407226562,71.15351104736328,71.31829833984375,67.36366271972656,1425339,FMC,0.9390734345924848,1.0693046823768984,1.0051992810456776,0.9554368959668009,-0.0163634613743161,-0.003031608200380731,-0.08389857625589459
2018-11-13,71.20555114746094,71.59584045410156,70.23416900634766,70.45967102050781,66.55264282226562,1335866,FMC,0.9388231687772864,1.0916175370747483,1.0247654871131977,0.9321128663785744,0.006710302398712065,0.02271141145486899,-0.055656811173691256
2018-11-14,71.06678009033203,71.32697296142578,70.10407257080078,70.23416900634766,66.33964538574219,1292628,FMC,0.9424549783963004,1.09897162480291,1.0451826107757436,0.9389238595591887,0.0035311188371117685,0.01285818212827583,-0.03433089241136078
2018-11-15,69.73980712890625,71.77796936035156,69.27146911621094,71.69991302490234,67.72410583496094,1265302,FMC,0.9055280354238394,1.0868438774891755,1.0338261797638637,0.9146569716831342,-0.009128936259294784,0.012845689315871045,-0.034943591720129286
2018-11-16,71.60450744628906,72.29835510253906,71.2315673828125,72.15958404541016,68.15828704833984,1288478,FMC,0.8667068406472029,1.070493974294697,1.0289214601478929,0.8964348880940413,-0.029728047446838324,0.003246652991467869,-0.02514887989966441
2018-11-19,71.83000946044922,72.87944793701172,70.85862731933594,71.03208923339844,67.09330749511719,1625269,FMC,0.8653237175937287,1.1002541035113045,1.0637538727872264,0.8957911154576635,-0.03046739786393482,0.005437205848573656,-0.01644976575811885
2018-11-20,69.8612289428711,70.44232177734375,68.09193420410156,68.16999053955078,64.38993835449219,1667007,FMC,0.8917301502253985,1.1449124247990277,1.158682553137439,0.8879637982276005,0.0037663519977979565,0.03611548614287052,0.03414688622595219
2018-11-21,68.39549255371094,69.68777465820312,67.90113067626953,68.9158706665039,65.09445190429688,1382101,FMC,0.9242386363902738,1.144416002700403,1.1530361952447592,0.9212998027107722,0.002938833679501651,0.039449716469827534,0.03184752678358205
2018-11-23,67.87510681152344,69.8265380859375,67.87510681152344,69.10667419433594,65.27466583251953,562433,FMC,0.9310248360124694,1.1488386488463045,1.1628711963431082,0.929240887735936,0.001783948276533387,0.05082859363836323,0.03566873531144621
2018-11-26,69.75715637207031,70.88465118408203,69.27146911621094,70.59844207763672,66.6837158203125,1143891,FMC,0.9045580803920384,1.126414700159078,1.1557673544180291,0.9146134017433241,-0.010055321351285618,0.048490342722163904,0.037684896881221785
2018-11-27,69.94795989990234,70.45099639892578,69.34085083007812,69.8265380859375,65.95460510253906,845495,FMC,0.9236745965957346,1.129795222608916,1.157107820398894,0.9269017933347641,-0.003227196739029492,0.05903095860425989,0.02911013218002645
2018-11-28,69.92194366455078,72.1422348022461,69.0893325805664,72.1422348022461,68.14189910888672,1444940,FMC,0.9074432107950572,1.084609911330634,1.1166028755544284,0.9053221834064322,0.002121027388624963,0.044925263046761366,0.016680090633358624
2018-11-29,71.70858764648438,72.95750427246094,71.55247497558594,72.02948760986328,68.03541564941406,1263342,FMC,0.8838021772377085,1.0822590270991836,1.1214376658669691,0.8896719965366943,-0.005869819298985779,0.042918350443180486,0.019988368043003746
2018-11-30,71.55247497558594,72.25498962402344,71.2315673828125,71.76062774658203,67.78146362304688,1395822,FMC,0.9340211196170484,1.0990647271148994,1.1336687658116855,0.9143339650597341,0.01968715455731429,0.051297713788912125,0.03267165419986773
2018-12-03,73.63399505615234,75.45533752441406,73.3651351928711,74.29314422607422,70.17355346679688,2346240,FMC,0.9127460863416292,1.0620055604673646,1.0872682649350038,0.9162245864028973,-0.0034785000612680417,0.023914904447146945,0.004666521360877196
2018-12-04,74.07632446289062,74.75281524658203,72.03816223144531,72.17693328857422,68.17467498779297,1344744,FMC,0.9556979342959118,1.0932829561479225,1.1146653944793472,0.9618269940790171,-0.006129059783105295,0.011075423052851141,-0.00784992251149963
2018-12-06,70.64180755615234,71.59584045410156,69.00260162353516,71.5784912109375,67.60942077636719,1751061,FMC,0.9677086862094888,1.0838809519886812,1.1393778531483003,0.9694525250380055,-0.0017438388285166972,0.0025650702197625996,0.006617310221102235
2018-12-07,71.7172622680664,73.13963317871094,68.87250518798828,69.45359802246094,65.60236358642578,1262189,FMC,1.012884373597524,1.118199602192581,1.1940300277962788,0.9991068404183747,0.013777533179149204,0.006781269509900101,0.02856417230872821
2018-12-10,68.83781433105469,69.653076171875,67.58889770507812,68.85516357421875,65.03711700439453,777122,FMC,1.0173812209331994,1.123245052961771,1.204700896059555,1.002962635548684,0.014418585384515348,0.004046296019403428,0.028021908236573356
2018-12-11,69.91326904296875,70.46834564208984,67.64093780517578,68.35212707519531,64.56195068359375,730080,FMC,1.0192553671216118,1.1219504614840663,1.2215534755238078,0.999317577953094,0.01993778916851785,0.002858624280010158,0.048568087286043005
2018-12-12,69.5056381225586,70.12142181396484,68.8031234741211,69.10667419433594,65.27466583251953,916520,FMC,0.9997979120539908,1.1011158550675275,1.196660090529322,0.9999013279633359,-0.0001034159093450393,-0.0020237479304170414,0.03965167771388267
2018-12-13,69.11534881591797,69.67042541503906,67.718994140625,67.8577651977539,64.09502410888672,969442,FMC,1.017427794554094,1.149978996705536,1.2306014131783083,1.01310217819441,0.00432561635968387,0.021468110310615574,0.07428946793908864
2018-12-14,67.12922668457031,67.77103424072266,66.660888671875,66.97311401367188,63.25942611694336,769858,FMC,1.0341220710580947,1.1256845607501478,1.2584784767653825,1.0368354288357888,-0.002713357777694103,0.010448100399112148,0.08916304550222409
2018-12-17,66.74761199951172,67.47615051269531,65.7935791015625,66.14917755126953,62.48116302490234,1642103,FMC,1.063218394313423,1.1319540764910714,1.2758429023591218,1.0774525152860501,-0.014234120972627107,-0.011110360941944952,0.06439524252469342
2018-12-18,66.38334655761719,67.17259216308594,65.76756286621094,66.19254302978516,62.52212905883789,1390979,FMC,1.0481619636504431,1.1404783987310156,1.2728585295208892,1.0611103771593748,-0.012948413508931722,-0.01159698055699665,0.04978172066461073
2018-12-19,66.39202117919922,67.9271469116211,64.64006805419922,64.92627716064453,61.32607650756836,1117142,FMC,1.048860049129577,1.16643812060054,1.3302231992596787,1.0767260051985343,-0.027865956068957365,0.001925099482021908,0.0796912647922643
2018-12-20,65.03903198242188,65.52471923828125,61.95143127441406,62.54119873046875,59.0732536315918,1483680,FMC,1.0848154803990444,1.229831988856299,1.3561044935717788,1.103472266160576,-0.018656785761531625,0.035462057075418496,0.08226702724973411
2018-12-21,62.19427490234375,64.13703155517578,61.37900924682617,61.46574020385742,58.057430267333984,2482870,FMC,1.1260710749111316,1.263355661623347,1.4011492037764677,1.141954602863601,-0.01588352795246939,0.034996998824322834,0.08675006149213838
2018-12-24,61.12749481201172,61.838680267333984,60.27753829956055,60.78924560546875,57.41844940185547,567161,FMC,1.13501629229316,1.312667727972186,1.4150711318742308,1.166284980250879,-0.03126868795771909,0.0387571447973718,0.06857382997011907
2018-12-26,60.96270751953125,63.77276611328125,60.15611267089844,63.69470977783203,60.16280746459961,760173,FMC,1.0966590682745052,1.253106731275932,1.3353725202058242,1.1113287815869515,-0.014669713312446264,0.03971226349533463,0.06148731170001831
2018-12-27,62.40242767333984,63.989593505859375,61.65654754638672,63.989593505859375,60.77233505249024,1023633,FMC,1.0924371024404274,1.243523941813696,1.2997199252305378,1.1155736616231424,-0.023136559182715066,0.0335428530633215,0.032631054354215205
2018-12-28,64.36253356933594,64.69210815429688,63.122291564941406,63.512577056884766,60.31929397583008,916059,FMC,1.0897175819823264,1.2715417660168091,1.2969167563487278,1.125268657046021,-0.035551075063694704,0.060124620329002454,0.02804847051341297
2018-12-31,63.69470977783203,64.62272644042969,63.3477897644043,64.14570617675781,60.92059326171875,709441,FMC,1.160492118706813,1.2604020246001746,1.3023838244384711,1.1192605847178094,0.04123153398900348,0.05261603476289545,0.04493373061336525
2019-01-02,63.08759689331055,65.39462280273438,62.81006240844727,65.10841369628906,61.834903717041016,1028476,FMC,1.134940799766855,1.2463973772658494,1.291815017092597,1.1282955545492954,0.006645245217559603,0.03723800713659098,0.023649972448187784
2019-01-03,65.01300811767578,65.20381927490234,63.13096237182617,63.31309509277344,60.12984848022461,1160725,FMC,1.1642465091118075,1.270943092858771,1.3400933940226785,1.156797624498726,0.0074488846130815745,0.04719353242989177,0.04670313887444544
2019-01-04,64.83087921142578,66.91239929199219,64.61405181884766,66.660888671875,63.30931854248047,1216300,FMC,1.1112414090056264,1.2128457682796223,1.2800660249197435,1.1153694690580063,-0.004128060052379867,0.021665906063016882,0.03255477267527507
2019-01-07,66.67823028564453,68.46487426757812,66.13182830810547,67.44145965576172,64.0506362915039,1198082,FMC,1.0832048379767356,1.190907591142367,1.2499724546454571,1.0926917705380343,-0.009486932561298733,0.014609244003252808,0.02864396718699025
2019-01-08,67.83174133300781,68.60364532470703,67.83174133300781,68.60364532470703,65.1543960571289,1043696,FMC,1.0689002012548834,1.171905183621808,1.2339508686091445,1.081303723883271,-0.01240352262838762,0.0029763364364034928,0.023738976097872788
2019-01-09,69.18473815917969,69.69644165039062,68.32610321044922,68.88985443115234,65.42622375488281,832697,FMC,1.0671031325585567,1.163971716786313,1.222518776063938,1.0765719272798775,-0.009468794721320783,0.006713847865183142,0.028311959145983723
2019-01-10,68.46487426757812,70.0,67.91847229003906,69.9653091430664,66.4476089477539,691915,FMC,1.0197098061972203,1.1604488978084766,1.218309690161952,1.0832896482048868,-0.06357984200766653,0.010975264429617493,0.03128414907745136
2019-01-11,69.2627944946289,69.99132537841797,68.60364532470703,69.67042541503906,66.16754150390625,661130,FMC,1.0492965752811807,1.1652164859158245,1.2308612346403294,1.0859071025850418,-0.03661052730386105,0.026337557567816416,0.036657579517387795
2019-01-14,68.81179809570312,69.8612289428711,68.594970703125,69.28881072998047,65.80511474609375,634727,FMC,1.0510701886841454,1.1600267494998382,1.250761836700054,1.0927621499400229,-0.041691961255877485,0.011825261127381914,0.03634920750643422
2019-01-15,69.09800720214844,69.54900360107422,68.49089050292969,68.71639251708984,65.261474609375,767667,FMC,1.077243360729637,1.1626672677143852,1.253095294432328,1.0960145102552552,-0.018771149525618203,0.02502393285657245,0.056014998492571966
2019-01-16,68.52558135986328,69.21075439453125,68.26539611816406,68.66435241699219,65.2120590209961,845841,FMC,1.0924591180436327,1.1733580969818571,1.2588997335470418,1.0938351035858227,-0.0013759855421899836,0.02692436459638059,0.05805397925238953
2019-01-17,68.02255249023438,69.21942901611328,68.02255249023438,68.88117980957031,65.41796875,1198659,FMC,1.1011084774511852,1.1638268001358452,1.2329388752463128,1.0858226358732557,0.01528584157792956,0.026946700280419345,0.048978269789513806
2019-01-18,69.41023254394531,70.43365478515625,69.24544525146484,69.94795989990234,66.43112182617188,1322952,FMC,1.0936144091252586,1.1352973265987234,1.224677797607973,1.066978972170165,0.026635436955093628,0.021404503500475736,0.0561997867063706
2019-01-22,69.39289093017578,69.59236907958984,68.51691436767578,69.00260162353516,65.53331756591797,1527264,FMC,1.112493470288371,1.1581356161294445,1.2651723605208771,1.0921354993188455,0.02035797096952563,0.018346594895717994,0.08946825783194923
2019-01-23,69.03729248046875,69.24544525146484,67.32870483398438,67.72766876220703,64.32247161865234,941540,FMC,1.1443206072916512,1.1772649932539625,1.2687037822290097,1.093735096733343,0.05058551055830818,0.03553415978973584,0.10543191084230541
2019-01-24,67.5455322265625,68.2133560180664,67.24197387695312,67.47615051269531,64.08358001708984,641414,FMC,1.1385605417805664,1.1779291375039391,1.2863081091242483,1.0815305230501042,0.057030018730462206,0.04365142713391612,0.1427452843508965
2019-01-25,68.3868179321289,69.18473815917969,68.3868179321289,68.83781433105469,65.37679290771484,891038,FMC,1.1291420641243672,1.1242513333131834,1.1977621367647142,1.071659144914872,0.05748291920949522,0.01409722584189721,0.10083093248829234
2019-01-28,67.98786163330078,68.67302703857422,67.80572509765625,68.62098693847656,65.1708755493164,701946,FMC,1.131193034199996,1.1232618249636477,1.2374664850246608,1.0717564169540592,0.05943661724593685,0.007743417669674013,0.12256906883496632
2019-01-29,68.7337417602539,69.6444091796875,68.72506713867188,69.470947265625,65.97808837890625,867287,FMC,1.1290889790330116,1.1222541247103337,1.2345409510770269,1.0799450686516954,0.04914391038131627,-0.006390764008820327,0.11599601184406705
2019-01-30,69.80919647216797,70.53772735595703,68.87250518798828,69.90459442138672,66.38995361328125,921593,FMC,1.1295392573361294,1.0965958557844615,1.283096357286209,1.0606854292749508,0.06885382806117857,-0.0155302783141269,0.15325756393675372
2019-01-31,68.94189453125,69.8265380859375,67.34605407714844,69.21075439453125,65.73099517822266,1494865,FMC,1.1427412221215896,1.1404173852848585,1.2890993005275495,1.0491297846528118,0.09361143746877776,0.0563880442397664,0.17994139697336764
2019-02-01,73.97224426269531,74.78751373291016,71.81266021728516,74.44058990478516,70.69786834716797,2969321,FMC,1.0539949717860368,1.0663747121219629,1.161215262141274,1.033701269744067,0.020293702041969786,-0.011494835564044958,0.07245971682722319
2019-02-04,74.13703155517578,74.83954620361328,73.40850067138672,73.8941879272461,70.178955078125,1487370,FMC,1.0531273808239956,1.0844634818561645,1.181968552250281,1.0188657427648729,0.034261638059122745,0.01568845431744248,0.08737221152003083
2019-02-05,73.77276611328125,74.27580261230469,73.39982604980469,73.7120590209961,70.00596618652344,1318571,FMC,1.051795250605341,1.0834610784734051,1.1488466101456631,1.0118359015222647,0.0399593490830763,0.015225041533176498,0.09171384268285454
2019-02-06,73.23503875732422,74.8742446899414,73.02688598632812,74.07632446289062,70.35193634033203,960795,FMC,1.0589078239429297,1.0177389656344007,1.139241998492816,1.0285592028780797,0.030348621064850034,-0.02320495837941383,0.07975474616000366
2019-02-07,73.39982604980469,73.72940063476562,72.20294952392578,73.05290222167969,69.37995910644531,726736,FMC,1.0741531839929974,1.0339233343266874,1.1835498368663382,1.0380111047151712,0.0361420792778262,-0.025314629196446337,0.09958116081534296
2019-02-08,72.4197769165039,73.3304443359375,71.83868408203125,73.3304443359375,69.64354705810547,726390,FMC,1.070224211051345,1.0375506158362784,1.1876113225227996,1.0411920338578657,0.02903217719347917,-0.023412012355287226,0.0959897445797373
2019-02-11,73.31309509277344,73.67736053466797,72.44579315185547,73.5125732421875,69.8165283203125,1224486,FMC,1.0496162601825023,1.0362108282905285,1.173400544990095,1.036831024960284,0.012785235222218416,-0.0306744016197793,0.09274847012762444
2019-02-12,69.92194366455078,72.6279296875,69.90459442138672,71.34432220458984,67.75727844238281,3104914,FMC,1.082637003013822,1.0600934660889292,1.2202480508568665,1.0266865901713607,0.05595041284246127,0.016007898212440752,0.14380482846544673
2019-02-13,72.22029876708984,73.34778594970703,71.88204956054688,73.10494232177734,69.42937469482422,1443325,FMC,1.0521860560488083,1.0034834219334925,1.1892020073740857,1.0273780778147723,0.02480797823403602,-0.02884890373216642,0.11668979753048414
2019-02-14,72.47180938720703,73.39115142822266,72.15090942382812,72.82740783691406,69.1657943725586,1258730,FMC,1.047270706869928,1.026081276247976,1.1487920567404677,1.0248943927666594,0.02237631410326868,-0.018952644604462332,0.10340628319751932
2019-02-15,73.72940063476562,74.14570617675781,73.00086975097656,74.02428436279297,70.302490234375,1248468,FMC,1.0223673335440115,0.9945518502634056,1.1399066360141548,1.0068242604495434,0.015543073094468118,-0.03412115507532287,0.09631486532086142
2019-02-19,73.44319152832031,75.10841369628906,72.81873321533203,75.01300811767578,71.24150848388672,994808,FMC,1.0346205896977296,0.956380792110148,1.1209766746161047,1.018602516828689,0.016018072869040667,-0.055575976909449154,0.08603565786046241
2019-02-20,74.9436264038086,76.51344299316406,74.86557006835938,75.84561920166016,72.03227996826172,1415423,FMC,0.9885867743341438,0.9400494523331512,1.1194588946678017,0.9918611625488267,-0.003274388214682955,-0.07338608005016234,0.07928566400518022
2019-02-21,75.9930648803711,76.58282470703125,75.7588882446289,76.49609375,72.65003204345703,1139971,FMC,0.9735137783233928,0.9387587248362674,1.12935225786397,0.9945712384616437,-0.02105746013825094,-0.0690856219106295,0.0725241290273102
2019-02-22,76.88638305664062,77.1552505493164,76.53945922851562,76.76496124267578,72.90538787841797,959873,FMC,0.9780503157488264,0.9510551384465336,1.1360559573162212,0.9944907779035735,-0.01644046215474715,-0.04040287707010348,0.08762216268953837
2019-02-25,77.14657592773438,78.02255249023438,76.94709777832031,77.50216674804688,73.60552978515625,696758,FMC,0.9718437410081489,0.9512186627505383,1.1092173575587108,0.9897222410498856,-0.017878500041736745,-0.041531333477333066,0.07133169251635874
2019-02-26,77.42411041259766,77.94449615478516,76.8083267211914,76.82566833496094,72.9630355834961,855065,FMC,0.9957120947745528,0.9611651114858496,1.1401549091636864,1.0000281637041895,-0.004316068929636652,-0.024027273911904734,0.08731152116035612
2019-02-27,76.67823028564453,77.91847229003906,76.67823028564453,77.72766876220703,73.81968688964844,640146,FMC,0.9935992188260604,0.9668256354531262,1.1369310563149269,1.0030742544286035,-0.009475035602543147,-0.018530729004854973,0.07322419872532149
2019-02-28,77.3373794555664,77.90979766845703,77.3373794555664,77.62358856201172,73.72084045410156,971518,FMC,1.022388581787067,1.0120272328609137,1.137414467824751,1.0182043788806252,0.004184202906441836,0.0006354578067453431,0.07059375337890539
2019-03-01,77.62358856201172,78.69904327392578,77.1639175415039,78.43885803222656,74.49513244628906,1322030,FMC,1.0120180544776411,1.0075323942727257,1.1206985581857691,1.0101864486721943,0.0018316058054468343,-0.0037147769811678444,0.062023894138683255
2019-03-04,78.77999877929688,79.16000366210938,77.19999694824219,78.95999908447266,74.99005889892578,1843500,FMC,1.0077582915297305,1.012214550329496,1.1079286327116316,1.0217972965916944,-0.014039005061963872,-0.010417899814694875,0.040287468389726966
2019-03-05,78.83000183105469,79.94999694824219,78.69000244140625,79.08999633789062,75.11351776123047,1156700,FMC,1.0211011795602745,1.026058479399111,1.1351015039797248,1.025853178306934,-0.004751998746659547,-0.006588570559179052,0.05457592628440855
2019-03-06,79.27999877929688,79.66000366210938,78.38999938964844,78.45999908447266,74.51519775390625,934400,FMC,1.0304534028145802,1.024174821457386,1.158249594342335,1.0439701731821824,-0.013516770367602238,-0.024083240615436985,0.06524191173562066
2019-03-07,78.0999984741211,78.30999755859375,76.19999694824219,77.81999969482422,73.90737915039062,1035200,FMC,1.0428033398340155,1.0294972080649205,1.1819243107494146,1.051615733678982,-0.00881239384496646,-0.02394923350356981,0.08193772197766758
2019-03-08,76.87999725341797,77.56999969482422,76.31999969482422,77.52999877929688,73.63194274902344,1255000,FMC,1.0378867207275948,1.0362007964699518,1.1868667422505612,1.0447938742436944,-0.006907153516099607,-0.01877819383559909,0.08320762815934013
2019-03-11,77.91999816894531,78.44000244140625,77.83999633789062,78.44000244140625,74.4962158203125,927900,FMC,1.0307159664609118,1.0314849870467806,1.1674310103838774,1.0378598344851322,-0.007143868024220401,-0.01482092248504241,0.07714300373334959
2019-03-12,78.73999786376953,78.9800033569336,78.33000183105469,78.47000122070312,74.52470397949219,645500,FMC,1.023531592933817,1.0237877327652802,1.1699453998330485,1.0369816348467653,-0.013450041912948407,-0.014720877754985207,0.08500804931117001
2019-03-13,78.81999969482422,79.18000030517578,78.37000274658203,78.4800033569336,74.53421020507812,1347600,FMC,1.0244258879917063,1.0195580093983754,1.1634890066358574,1.0381516152855237,-0.01372572729381738,-0.013492652376325909,0.08649382202487743
2019-03-14,78.3499984741211,78.6500015258789,77.05000305175781,77.16000366210938,73.28056335449219,914600,FMC,1.0392151820452409,1.051202026438231,1.1769785206292953,1.0368706366121625,0.002344545433078382,0.0074168278708057755,0.10316017560615043
2019-03-15,77.29000091552734,78.08000183105469,76.86000061035156,77.23999786376953,73.35653686523438,1660700,FMC,1.0511545100212294,1.067814749222776,1.1600650983651777,1.033509193192778,0.017645316828451385,0.022715028804990656,0.08915295999410588
2019-03-18,77.5199966430664,77.55999755859375,76.44999694824219,76.91999816894531,73.05261993408203,1099300,FMC,1.0553969215948822,1.072518319028427,1.1549103184043117,1.0209918251991643,0.03440509639571787,0.024196783212136586,0.09976360039215071
2019-03-19,77.44999694824219,77.81999969482422,75.91000366210938,76.2699966430664,72.43531036376953,1126200,FMC,1.053846431747414,1.0887766594507131,1.1611764436988696,1.0253191175225083,0.028527314224905842,0.04303134864132496,0.09597598736565649
2019-03-20,76.02999877929688,76.05000305175781,74.91999816894531,75.68000030517578,71.87496948242188,1059800,FMC,1.0556857403556985,1.0867703748175843,1.1670255889205117,1.0305905868421654,0.025095153513533086,0.040328652685983624,0.09818930239332446
2019-03-21,75.62000274658203,78.11000061035156,75.62000274658203,77.61000061035156,73.70793151855469,744600,FMC,1.0381121257470465,1.0701077295357044,1.1262358133891506,1.0288626554622844,0.009249470284762085,0.04654015570732217,0.08029511968825709
2019-03-22,76.83000183105469,77.05000305175781,74.95999908447266,74.9800033569336,71.21015930175781,1049300,FMC,1.0691618441558497,1.1179672535676797,1.1867182191590906,1.055588179693563,0.013573664462286805,0.07165448879725944,0.10943206678354445
2019-03-25,74.41999816894531,75.06999969482422,73.95999908447266,74.47000122070312,70.7258071899414,684100,FMC,1.0663586321420322,1.1271154270799475,1.1472860323102925,1.049775645573302,0.01658298656873014,0.06952400578286055,0.08649394401878041
2019-03-26,74.69000244140625,75.36000061035156,74.27999877929688,75.08000183105469,71.30513763427734,649300,FMC,1.0643899112218596,1.1160742114337017,1.1267458204790508,1.0495013150566668,0.01488859616519278,0.0564071634875567,0.09109296204017925
2019-03-27,74.98999786376953,75.79000091552734,74.79000091552734,75.31999969482422,71.53307342529297,1083700,FMC,1.0585955627265962,1.1404147170488683,1.120999686112912,1.0553202646750557,0.003275298051540476,0.06896307241301636,0.07243663638232656
2019-03-28,75.12000274658203,76.31999969482422,75.08000183105469,76.08999633789062,72.65017700195312,949000,FMC,1.039032790459216,1.102674597717131,1.090363630864643,1.0490338384171682,-0.010001047957952203,0.03872244327052954,0.03650281625350704
2019-03-29,76.75,77.05999755859375,76.04000091552734,76.81999969482422,73.34718322753906,1000400,FMC,1.0020827434671256,1.1090694776924996,1.065153474779176,1.0324632338783333,-0.030380490411207717,0.04240944943825786,0.021912966611635776
2019-04-01,77.6500015258789,79.13999938964844,77.41000366210938,78.94000244140625,75.37134552001953,1331900,FMC,0.9712438606334826,1.0780116717428851,1.0107174023311702,1.0212813420416047,-0.05003748140812214,0.024159848914264925,-0.002053733552840553
2019-04-02,79.05999755859375,80.08000183105469,78.73999786376953,78.95999908447266,75.39041900634766,1006800,FMC,0.9821431264030536,1.065649466942156,1.016086608883019,1.0336972441913572,-0.051554117788303655,0.018415358779053204,-0.006042967983653114
2019-04-03,79.79000091552734,80.5999984741211,79.04000091552734,79.1500015258789,75.57185363769531,1312400,FMC,0.9633606229519914,1.0451909139239244,1.0192588775726743,1.0249207136838323,-0.06156009073184088,0.0011663888530399902,-0.0038034478530917237
2019-04-04,79.18000030517578,80.33000183105469,78.62999725341797,80.33000183105469,76.69850158691406,822500,FMC,0.9773433392095076,1.0199560808854966,1.052414864937184,1.0063768150467909,-0.02903347583728333,-0.024351329733907967,0.015627716400702152
2019-04-05,80.48999786376953,80.6500015258789,80.04000091552734,80.41999816894531,76.78443908691406,980800,FMC,0.9818450183768552,1.0333082611888171,1.034919303795896,0.9978526240736149,-0.01600760569675963,-0.00457092672352144,0.007111996675980059
2019-04-08,80.58999633789062,81.01000213623047,79.9000015258789,80.72000122070312,77.07086181640625,850200,FMC,0.9874875171157074,1.0364391330206244,1.0384514412831256,0.9970067760311297,-0.00951925891542238,-0.00897294892832412,0.001814835871136511
2019-04-09,80.33000183105469,80.55000305175781,79.55999755859375,80.04000091552734,76.42161560058594,548000,FMC,0.992503744234398,1.0544086525608047,1.0564801860566528,1.0096366937147183,-0.017132949480320292,0.0016621242177867757,0.014530930418344967
2019-04-10,80.16000366210938,80.47000122070312,79.52999877929688,80.41999816894531,76.78443908691406,437400,FMC,0.9324793900016792,1.055423581792655,1.0593959434793712,0.9747325358921803,-0.04225314589050111,0.01166059781532991,0.019333095882257734
2019-04-11,80.29000091552734,80.5199966430664,79.48999786376953,79.88999938964844,76.27838897705078,502900,FMC,0.9404178511998595,1.0495965127289455,1.048861062770699,0.9836252853453007,-0.04320743414544115,0.014667750943430757,0.013000340854054881
2019-04-12,80.51000213623047,80.69000244140625,79.61000061035156,79.97000122070312,76.35477447509766,670700,FMC,0.94635477134081,1.0529442875195607,1.0545018456784403,0.9813274551009966,-0.034972683760186585,0.020572724713708412,0.01873571225970072
2019-04-15,80.06999969482422,80.2699966430664,79.29000091552734,79.76000213623047,76.1542739868164,592200,FMC,0.949974818900962,1.0502993830806058,1.039812985632798,0.9921070743335895,-0.04213225543262744,0.021068684617416178,0.005510751206441178
2019-04-16,79.72000122070312,80.79000091552734,79.25,80.76000213623047,77.10905456542969,1047400,FMC,0.9315254682028148,1.0498606982718035,1.031562393698207,0.984238240605008,-0.052712772402193186,0.019777867053480058,-0.005108446168377245
2019-04-17,81.19999694824219,81.80000305175781,80.69999694824219,80.75,77.0995101928711,783200,FMC,0.9036532959441148,1.056336954993312,1.0424407805306115,0.9851225042245522,-0.08146920828043736,0.00962798997136427,-0.005572438270054159
2019-04-18,79.76000213623047,80.63999938964844,79.3499984741211,79.94999694824219,76.335693359375,1087800,FMC,0.9297056650600792,1.0782180990561965,1.0603206925170547,0.9960603425316994,-0.06635467747162016,0.022328072084757844,0.009482119049035509
2019-04-22,79.76000213623047,80.0199966430664,79.25,79.47000122070312,75.87738037109375,552200,FMC,0.9214797795965974,1.0777763589197016,1.0673602871679368,0.9930065863727758,-0.0715268067761784,0.026575280207403518,0.00955408559337223
2019-04-23,79.08000183105469,80.63999938964844,79.0,80.13999938964844,76.51709747314453,993700,FMC,0.8904416472260286,1.072903265239501,1.0695211575662344,0.967174065327414,-0.07673241810138542,0.026914416016110554,0.022817362473328773
2019-04-24,79.83999633789062,80.19999694824219,79.55999755859375,79.73999786376953,76.13518524169922,944700,FMC,0.8893904325510956,1.059383471064939,1.1516005656169923,0.9699825032562136,-0.08059207070511798,0.01873772289084874,0.1054680922136626
2019-04-25,79.5,80.0,78.94999694824219,78.98999786376953,75.41907501220703,719900,FMC,0.904291804551978,1.0787286897583277,1.1693081737593154,0.9664471965417172,-0.062155391989739184,0.0311671577601762,0.12412826743989425
2019-04-26,79.0999984741211,79.93000030517578,78.61000061035156,79.48999786376953,75.89646911621094,629300,FMC,0.9135740380232936,1.0924215980414764,1.2065264615594324,0.9508996027652467,-0.03732556474195303,0.06288618364645293,0.15688555119408876
2019-04-29,79.41000366210938,79.80000305175781,79.01000213623047,79.30999755859375,75.72459411621094,999300,FMC,0.9245999193582024,1.0776705240527964,1.221738042314577,0.9509371245341641,-0.02633720517596172,0.06109119073974023,0.17011272240180264
2019-04-30,79.52999877929688,80.02999877929688,78.6500015258789,79.05999755859375,75.48591613769531,1313000,FMC,0.9290411750853288,1.0920080573352375,1.2369644909233697,0.9392273716208749,-0.010186196535546088,0.08582472599867641,0.18672989452445465
2019-05-01,79.0,79.29000091552734,76.16999816894531,76.9800033569336,73.49994659423828,1643600,FMC,0.971031531220595,1.065386449874063,1.2787796281523824,0.9512030495001947,0.019828481720400304,0.07944261304054057,0.2200011220805551
2019-05-02,76.5,77.25,75.91000366210938,76.66999816894531,73.2039566040039,1074100,FMC,1.0191730287549052,1.1016723416775152,1.2748656616490128,0.9730573317075355,0.04611569704736973,0.10332926800821995,0.21601489808226404
2019-05-03,77.13999938964844,77.83999633789062,76.95999908447266,77.55000305175781,74.04418182373047,894800,FMC,1.013668559860008,1.1000547236978753,1.2717234069978949,0.9685577099237417,0.04511084993626624,0.11078008056716537,0.22085093069998263
2019-05-06,75.44999694824219,76.5999984741211,75.44999694824219,76.25,72.80294799804688,1150900,FMC,1.0426230095736642,1.1700722289966452,1.3107478515950028,0.9757631777316035,0.06685983184206068,0.15784516260157622,0.2565520713736742
2019-05-07,77.94000244140625,80.4000015258789,77.5,78.51000213623047,74.96076965332031,2670700,FMC,1.0281492862579282,1.1303749988041027,1.264530763466975,0.9996107475822942,0.02853853867563405,0.11115752909448329,0.19182262089403745
2019-05-08,78.30000305175781,79.30000305175781,77.4000015258789,78.95999908447266,75.39041900634766,1818900,FMC,1.012284987420525,1.0889373584549746,1.231628000926573,1.0062546732425057,0.006030314178019358,0.08255605830073565,0.15678661149328876
2019-05-09,78.20999908447266,79.80000305175781,77.58999633789062,79.70999908447266,76.10651397705078,1443900,FMC,0.9997493843124404,1.089910884068892,1.228904148822412,1.0047120161243328,-0.004962631811892382,0.07005899753551059,0.15063068215615605
2019-05-10,79.58999633789062,80.19000244140625,78.31999969482422,79.44000244140625,75.84873962402344,2301700,FMC,1.0059162235307917,1.060348759149139,1.2325723527069865,1.0003969532476458,0.005519270283145916,0.07461428536058656,0.15204145586264795
2019-05-13,78.01000213623047,78.4800033569336,74.75,74.98999786376953,71.59990692138672,1818300,FMC,1.0732098897114175,1.1193852618020548,1.305176391084977,1.0355430748618968,0.037666814849520724,0.10652460053709789,0.19414751029961375
2019-05-14,75.26000213623047,76.26000213623047,74.79000091552734,75.12999725341797,71.73355865478516,3015200,FMC,1.063623207226432,1.1447172121684348,1.3093280435418673,1.0187411547323868,0.0448820524940452,0.1259986615903066,0.20963124125427934
2019-05-15,74.51000213623047,76.05999755859375,74.33999633789062,75.68000030517578,72.25870513916016,1281500,FMC,1.0516649979046768,1.1446297697636376,1.2948774761265671,1.0149267974711538,0.03673820043352305,0.12041806513709008,0.2021770232077138
2019-05-16,76.43000030517578,76.58000183105469,75.5999984741211,75.7699966430664,72.34464263916016,1334000,FMC,1.0648013990614358,1.1323955636768368,1.3043969974975629,1.0155764066669875,0.04922499239444833,0.1242722021866478,0.22600791873842718
2019-05-17,74.97000122070312,75.54000091552734,74.55000305175781,75.2300033569336,71.82904815673828,1024000,FMC,1.090522483963242,1.1510759097108727,1.3046356806964203,1.0290497520456616,0.06147273191758029,0.12510827598355378,0.2131895401892352
2019-05-20,74.48999786376953,74.93000030517578,72.83999633789062,72.97000122070312,69.67122650146484,984500,FMC,1.124571463237796,1.1850738949755184,1.3628873448345682,1.0446379624017454,0.07993350083605066,0.15142865850171727,0.25160951840399504
2019-05-21,73.12000274658203,74.37999725341797,73.08000183105469,74.33000183105469,70.9697265625,857900,FMC,1.1112608018108514,1.1195916769295338,1.337951229307996,1.0269267582642037,0.08433404354664775,0.12425380544393072,0.23602972942996692
2019-05-22,74.13999938964844,74.4800033569336,73.16999816894531,73.2300033569336,69.91947174072266,713700,FMC,1.117165012545713,1.1461510384926157,1.3616326503889746,1.0251883365565806,0.0919766759891325,0.1371742466298731,0.24876353740241353
2019-05-23,72.04000091552734,72.41999816894531,70.93000030517578,71.36000061035156,68.1340103149414,1488900,FMC,1.157651323935013,1.17210287352467,1.3857148024049375,1.0315939619299814,0.1260573620050316,0.15580526977135656,0.26349434891422896
2019-05-24,72.18000030517578,72.25,70.8499984741211,70.91999816894531,67.71390533447266,866200,FMC,1.1756909578241963,1.1908510684085456,1.3928887913408268,1.0262061090332957,0.14948484879090063,0.17084806691883503,0.28597418796634066
2019-05-28,71.19999694824219,71.69000244140625,70.62000274658203,71.43000030517578,68.20085144042969,1129600,FMC,1.1688438882041412,1.2030271761905007,1.3743230674884237,1.0459074063233282,0.12293648188081296,0.1603196774749227,0.26507673248942853
2019-05-29,70.76000213623047,72.80000305175781,70.66000366210938,72.62000274658203,69.33704376220703,1850700,FMC,1.147753364410449,1.1945216543089927,1.3470768787249765,1.0644748086933273,0.08327855571712162,0.14239121639011887,0.22260590371986488
2019-05-30,72.56999969482422,73.44000244140625,72.56999969482422,73.33000183105469,70.01495361328125,885900,FMC,1.1651420943663506,1.16610134030729,1.348900839054157,1.070190523354997,0.09495157101135354,0.12607620492671368,0.22374673434641812
2019-05-31,72.72000122070312,73.83000183105469,72.30000305175781,73.44999694824219,70.12952423095703,1326900,FMC,1.142307830805796,1.1862216965003438,1.352606723856146,1.0820596298155767,0.060248200990219214,0.12262808985568019,0.20515881910614686
2019-06-03,73.66999816894531,75.44999694824219,73.58000183105469,74.75,71.37076568603516,1722100,FMC,1.1397821140133808,1.1759421912536243,1.3394811105294673,1.0882635205145406,0.05151859349884025,0.09997850325368818,0.19992801154324757
2019-06-04,75.86000061035156,78.13999938964844,75.83000183105469,78.13999938964844,74.60749816894531,1670200,FMC,1.089048583314739,1.1238970957425507,1.2638009136764523,1.0615273897798907,0.027521193534848276,0.0734285949802973,0.15330455719298408
2019-06-05,78.83000183105469,79.20999908447266,76.97000122070312,78.61000061035156,75.05625915527344,1771500,FMC,1.0703938716217714,1.1123201244509175,1.261637846122507,1.047279977293423,0.023113894328348428,0.06691780828491067,0.15558008785424327
2019-06-06,78.3499984741211,79.56999969482422,78.04000091552734,79.5,75.9060287475586,1493300,FMC,1.0405894771968072,1.0945590856710947,1.263385483490809,1.0447668278492974,-0.004177350652490253,0.049640107425546365,0.15262570909736994
2019-06-07,80.0,80.87999725341797,79.13999938964844,80.72000122070312,77.07086181640625,1204900,FMC,1.0150282641802002,1.1062736937220892,1.2402892861413657,1.0378656899032048,-0.022837425723004623,0.05858473615614379,0.13972535294233146
2019-06-10,80.75,81.08000183105469,79.81999969482422,79.93000030517578,76.31658935546875,909800,FMC,1.0396428340068669,1.1309100458983774,1.2568412695112088,1.033488437542036,0.006154396464830958,0.08772061742471737,0.15466382925407895
2019-06-11,80.66999816894531,81.26000213623047,79.22000122070312,79.69000244140625,76.08744049072266,1707000,FMC,1.049834988363002,1.1480597533343502,1.2783604381980709,1.0434176593512368,0.006417329011765283,0.10356536148285,0.1732655643462473
2019-06-12,79.69000244140625,80.37000274658203,79.30999755859375,79.91000366210938,76.29747772216797,1359200,FMC,1.056124201449473,1.145402267874997,1.2666302550191926,1.0429082865131034,0.013215914936369533,0.09830417204365394,0.15968778661355754
2019-06-13,80.41999816894531,80.7300033569336,79.62000274658203,80.4800033569336,76.84172821044922,785000,FMC,1.0546367138581698,1.1317964149205122,1.233828038069465,1.0345098194162052,0.020126894441964582,0.09077730411921903,0.12998290370290078
2019-06-14,80.2300033569336,80.31999969482422,79.37000274658203,79.91000366210938,76.29747772216797,941800,FMC,1.0493339158396966,1.1427616901337467,1.2510926744091748,1.0327814598604146,0.01655245597928201,0.09857334206093604,0.13524897550820136
2019-06-17,80.0999984741211,80.30999755859375,79.19999694824219,79.58999633789062,75.99195098876953,993200,FMC,1.0579715688610225,1.1411699931840202,1.2715961590764724,1.0362360305179736,0.021735538343048866,0.09942277359944196,0.15688595620634493
2019-06-18,80.05000305175781,80.81999969482422,79.77999877929688,80.68000030517578,77.03267669677734,1077600,FMC,1.0383228315192483,1.1196501633632032,1.2626742044802788,1.0211818473819212,0.01714098413732712,0.09226440686117465,0.15872565491531
2019-06-19,81.01000213623047,82.2300033569336,80.66000366210938,82.04000091552734,78.33119201660156,1105100,FMC,1.0334805814264034,1.086391716549661,1.2487558714665767,1.017305083656913,0.016175497769490343,0.06267166439911098,0.14689319526552747
2019-06-20,83.04000091552734,83.05999755859375,81.51000213623047,82.05999755859375,78.35027313232422,853800,FMC,1.039473872555182,1.0768210648844878,1.2440234102310652,1.0182124014951701,0.02126147106001186,0.07150246025000517,0.15228552787793426
2019-06-21,81.94000244140625,83.18000030517578,81.41999816894531,82.5999984741211,78.86587524414062,1710300,FMC,1.0436266120079234,1.066496451425292,1.217847196720785,1.0334902234173287,0.010136388590594736,0.04929746702811988,0.1252158200600142
2019-06-24,82.63999938964844,82.83999633789062,81.66999816894531,81.80999755859375,78.11158752441406,686500,FMC,1.046948978154648,1.0738474437310623,1.237043039224898,1.0339344217234232,0.013014556431224733,0.05396091969576555,0.13333608380477835
2019-06-25,82.12000274658203,82.69999694824219,81.81999969482422,82.61000061035156,78.87542724609375,740500,FMC,1.04082407654599,1.0524508722853527,1.225799836724587,1.0504564498504023,-0.009632373304412356,0.03202676857967979,0.10856792743821497
2019-06-26,82.72000122070312,83.70999908447266,82.55999755859375,83.37999725341797,79.61062622070312,808100,FMC,1.0131355654447594,1.0614964037381345,1.2065761394359833,1.0472753859585067,-0.03413982051374731,0.033495206593554094,0.09311839394209875
2019-06-27,83.5,83.83999633789062,82.75,83.08999633789062,79.71614837646484,780700,FMC,1.0205801663483611,1.0178957760187892,1.1944141558330317,1.037785887388319,-0.017205721039957877,0.017105066587201234,0.09205786102615177
2019-06-28,83.27999877929688,83.41999816894531,82.7699966430664,82.94999694824219,79.58182525634766,1772900,FMC,1.0418326271176286,1.009561737862969,1.2182033485160362,1.0177841146895465,0.024048512428082036,0.03478681080290702,0.12848406463214035
2019-07-01,84.13999938964844,85.20999908447266,83.63999938964844,85.02999877929688,81.5773696899414,1084700,FMC,1.000352957383529,0.98297546441158,1.191963457781518,0.9991530471193941,0.0011999102641349069,0.006075659233985009,0.10570405763660573
2019-07-02,84.62000274658203,84.75,83.26000213623047,83.5,80.10950469970703,696000,FMC,1.0289818785759737,0.9888353582480494,1.2025662961912889,0.9900308614668376,0.038951017109136066,0.0005121910594556578,0.110986876250039
2019-07-03,83.83999633789062,84.91999816894531,83.5,84.79000091552734,81.34712219238281,322500,FMC,0.9626136125968714,0.9604028387791412,1.1661826261239334,0.9525258317006552,0.010087780896216203,-0.01572516035793159,0.08708223114588187
2019-07-05,84.08000183105469,84.76000213623047,83.87999725341797,84.69000244140625,81.25119018554688,421900,FMC,0.9925611441238654,0.9375755651115388,1.1779248275735144,0.9643929056443962,0.028168238479469254,-0.02113305429895851,0.08963642727492327
2019-07-08,84.55999755859375,84.87999725341797,83.62000274658203,83.73999786376953,80.33975982666016,895400,FMC,1.013852321108254,0.95349046792905,1.1841789207574756,0.9738381931141589,0.040014127994095094,-0.020125958929782417,0.08549877285862739
2019-07-09,82.97000122070312,83.1500015258789,82.05000305175781,82.33000183105469,78.98701477050781,847300,FMC,1.0784647057380354,0.9751891869649972,1.207278267352047,0.9920007326738394,0.08646397306419606,-0.0025618845518207145,0.1081535369708222
2019-07-10,82.55000305175781,82.75,81.41999816894531,81.54000091552734,78.2291030883789,706100,FMC,1.0831490655274296,1.031823707569357,1.2323387439295976,0.9810388553975538,0.10211021012987587,0.04021665320717105,0.1230507473466036
2019-07-11,81.58999633789062,82.7300033569336,81.0999984741211,82.69999694824219,79.34199523925781,768800,FMC,1.0347035448002666,1.0015591113200095,1.2200555718276838,0.966091893467101,0.0686116513331656,0.012710327719959613,0.11014433979385307
2019-07-12,83.06999969482422,83.56999969482422,82.9800033569336,83.26000213623047,79.87925720214844,902000,FMC,1.0384337666311936,1.001941559516994,1.1894303249667095,0.9709027016272971,0.0675310650038965,0.012254640091722058,0.09180669049429224
2019-07-15,83.5,84.08999633789062,82.75,83.98999786376953,80.5796127319336,607400,FMC,0.9980951039180984,1.001964640076518,1.172485078440267,0.943868517966083,0.05422658595201546,0.013874592957072718,0.07399649584830459
2019-07-16,84.22000122070312,85.51000213623047,83.68000030517578,84.47000122070312,81.04010772705078,451400,FMC,0.9889903012486528,1.0037637605936085,1.15662512336321,0.9448764493933882,0.04411385185526462,0.009147362770605016,0.05504806913752858
2019-07-17,84.43000030517578,84.5199966430664,83.44999694824219,83.44999694824219,80.06153106689453,550400,FMC,1.0256441288090854,0.99929930220868,1.1568577711177763,0.9678053813628821,0.05783874744620332,-0.00011533535807528583,0.05945225384361885
2019-07-18,83.08999633789062,84.54000091552734,83.08000183105469,83.80000305175781,80.39732360839844,767500,FMC,1.0287589351819604,1.001479240808219,1.1296309546607188,0.9739839367274228,0.05477499845453759,-0.0006972813182317683,0.05215681750380874
2019-07-19,84.05999755859375,84.38999938964844,83.36000061035156,83.37000274658203,79.98478698730469,1141900,FMC,1.0242291748976464,0.9900158015735948,1.1508272885907602,0.9718210842213412,0.05240809067630525,-0.013687062673202521,0.05768486083090951
2019-07-22,83.83000183105469,84.5999984741211,83.44000244140625,84.37999725341797,80.95376586914062,802800,FMC,1.0213321895899752,0.9825707309515274,1.1523584711838122,0.9797792259190851,0.04155296367089012,-0.023216053431715733,0.06196338520305433
2019-07-23,84.58999633789062,85.3499984741211,84.26000213623047,84.88999938964844,81.44306182861328,1079400,FMC,1.0137825114134504,0.9868449414772308,1.1416317990651907,0.9721811802165374,0.041601331196913005,-0.0130343229738763,0.05797026269660366
2019-07-24,85.27999877929688,85.91999816894531,84.91000366210938,85.79000091552734,82.30652618408203,692300,FMC,0.965380497235792,0.9834009403525984,1.124244988520201,0.9381920732304816,0.027188424005310408,-0.011041857705893277,0.07106285111925126
2019-07-25,85.41999816894531,85.76000213623047,84.75,85.23999786376953,81.77884674072266,507100,FMC,0.9799389247999588,0.990335590806422,1.1554099168787295,0.9521359277988415,0.027802997001117324,-0.014963022616515831,0.0857490434900845
2019-07-26,85.05999755859375,85.66000366210938,84.44000244140625,85.56999969482422,82.09544372558594,700900,FMC,0.9727710290700712,0.9968477049303122,1.1671082543850078,0.9388045673908064,0.03396646167926476,-0.0027042795492692173,0.0888155947839766
2019-07-29,85.5199966430664,85.52999877929688,83.94000244140625,84.06999969482422,80.65635681152344,548700,FMC,0.99976219731947,1.0870478887681272,1.2220168013174684,0.9497848525428108,0.04997734477665927,0.0829480402039402,0.12897586512559345
2019-07-30,83.44000244140625,85.08000183105469,83.16999816894531,84.80000305175781,81.35671997070312,1144600,FMC,1.008490481815314,1.0839687354762768,1.2840775543841343,0.9611184895937201,0.04737199222159383,0.08819787732235951,0.19420468363936494
2019-07-31,84.5,87.98999786376953,84.2699966430664,86.41999816894531,82.91094207763672,2128600,FMC,0.9989586192636756,1.1044513068237811,1.22754900640941,0.9713406100738472,0.027618009189828374,0.0861028489839768,0.13658069202259737
2019-08-01,85.43000030517578,87.55000305175781,84.77999877929688,85.05999755859375,81.60616302490234,1799900,FMC,1.0004701633268305,1.1336841966503692,1.2438546175339602,0.9733290342890444,0.027141129037786094,0.09748174203591686,0.13153083966516177
2019-08-02,85.87999725341797,86.30000305175781,83.72000122070312,85.91999816894531,82.43122863769531,1034900,FMC,1.009194750373597,1.1327430073564295,1.2359846788714182,0.9934093547508855,0.015785395622711418,0.08638437707231938,0.10583979974676883
2019-08-05,83.9000015258789,84.44999694824219,80.37999725341797,81.62000274658203,78.30584716796875,1263400,FMC,1.0717960104851036,1.2002965011461748,1.3158106469165518,1.0379157998062003,0.033880210678903344,0.12439655028158003,0.1425878973278416
2019-08-06,82.12999725341797,84.69999694824219,81.62999725341797,84.05999755859375,80.64677429199219,1357500,FMC,1.0397334704188077,1.1572094654820655,1.2654935881195783,1.0255734153445348,0.01416005507427287,0.09162089453904332,0.1058126999977349
2019-08-07,82.94999694824219,85.0199966430664,82.52999877929688,84.9000015258789,81.45265197753906,1124100,FMC,1.0249707713314953,1.156054675828261,1.2534483834171868,1.025769842013649,-0.0007990706821536797,0.0875459638086169,0.09394486366840149
2019-08-08,85.86000061035156,89.0199966430664,85.23999786376953,88.79000091552734,85.18470764160156,1462300,FMC,0.9753350774227004,1.120228152683351,1.2021694835710186,1.0096805103859732,-0.03434543296327275,0.07363215962157832,0.06748226549632652
2019-08-09,90.0,90.0,88.2699966430664,88.31999969482422,84.73377990722656,1742300,FMC,1.0062275880213494,1.1186825299611227,1.216107073635995,1.0311593098765404,-0.02493172185519099,0.0599720782583999,0.06237504481636136
2019-08-12,87.55999755859375,88.0,85.33999633789062,85.56999969482422,82.09544372558594,984000,FMC,1.051303137593033,1.131036593945177,1.2768858149881597,1.0473769330900449,0.003926204502988195,0.056345696630312636,0.10445811681338246
2019-08-13,85.62000274658203,88.18000030517578,85.05000305175781,86.45999908447266,82.9493179321289,1173400,FMC,1.0530879618937352,1.1275271829882323,1.243786039298097,1.0342019941112954,0.018885967782439783,0.06424661091352979,0.09817461155546003
2019-08-14,84.58999633789062,85.05999755859375,83.37999725341797,83.83000183105469,80.42611694335938,890400,FMC,1.086603547920375,1.1624216486055454,1.2324961305728197,1.0679784217810349,0.018625126139340198,0.05864015493867436,0.0883699358426715
2019-08-15,84.33000183105469,84.77999877929688,83.12000274658203,83.54000091552734,80.14788055419922,665900,FMC,1.0851090746694263,1.1659760366898384,1.180491974264415,1.069498933232119,0.015610141437307323,0.061732935264735334,0.07360075314735104
2019-08-16,84.16999816894531,85.83999633789062,83.97000122070312,85.58999633789062,82.11463928222656,745900,FMC,1.0618062181952312,1.1438004335250718,1.142197338457093,1.0482526337704505,0.013553584424780718,0.058584396509482106,0.06857739905862092
2019-08-19,86.56999969482422,86.58999633789062,85.80999755859375,86.20999908447266,82.70946502685547,508400,FMC,1.048486218158187,1.1312631475537764,1.0809646251531817,1.0347592845115243,0.013726933646662776,0.060274747544862395,0.059842385193920045
2019-08-20,86.0199966430664,86.0999984741211,85.05999755859375,85.38999938964844,81.9227523803711,691500,FMC,1.0528167882762347,1.151891652826902,1.100089133888861,1.0382631425000666,0.014553645776168134,0.07743388493342507,0.0821084296918424
2019-08-21,86.0,86.76000213623047,85.43000030517578,86.18000030517578,82.6806869506836,549200,FMC,1.0292410633338755,1.133405425037623,1.1346117415111003,1.030135969977335,-0.00089490664345937,0.06436627587506338,0.09131704037915478
2019-08-22,86.43000030517578,86.93000030517578,85.54000091552734,86.05999755859375,82.5655517578125,493400,FMC,1.021845342907875,1.1500441876350025,1.1089935790247154,1.0182153272701386,0.003630015637736461,0.07013993615771774,0.0910416125233382
2019-08-23,85.47000122070312,86.04000091552734,82.47000122070312,82.81999969482422,79.45711517333984,943500,FMC,1.0585606575689923,1.195034990772092,1.2103691326496075,1.0531679495277058,0.005392708041286554,0.0821071674772349,0.12740707812777918
2019-08-26,83.95999908447266,84.05999755859375,83.13999938964844,83.52999877929688,80.13827514648438,497900,FMC,1.0466899672540178,1.1880045514592508,1.1454826614612272,1.0400220381622944,0.0066679290917233125,0.07891345832830021,0.10802732760835587
2019-08-27,83.81999969482422,84.05999755859375,83.22000122070312,83.23999786376953,79.86006927490234,654400,FMC,1.0394745829893692,1.1822467410543134,1.097351123519561,1.0403451871546723,-0.0008706041653030461,0.07156242515734457,0.0746561369697587
2019-08-28,82.94000244140625,84.44999694824219,82.63999938964844,84.05000305175781,80.63717651367188,469800,FMC,1.0479830406548187,1.1696582623067089,0.9512439641088,1.0376918441745164,0.0102911964803023,0.07843304926631034,0.02633932197237332
2019-08-29,85.12999725341797,85.97000122070312,84.97000122070312,85.5199966430664,82.04747772216797,410000,FMC,0.9889728845493456,1.1423873830018931,1.0262115186104832,1.0061255072758946,-0.01715262272654894,0.07464882937066486,0.07524492031954699
2019-08-30,86.36000061035156,86.72000122070312,85.87000274658203,86.33000183105469,82.82460021972656,700900,FMC,0.9700350571564847,1.1277123975657302,0.9731052527149536,0.9877970758764808,-0.017762018719996053,0.055449786093419995,0.08022273032991056
2019-09-03,85.37000274658203,85.38999938964844,84.05999755859375,85.0999984741211,81.64453125,955200,FMC,0.9821668595402134,1.1567612457238887,0.9181655482991244,1.006579794190457,-0.024412934650243634,0.07089425429457563,0.10846941569526714
2019-09-04,86.20999908447266,86.91000366210938,85.9000015258789,86.70999908447266,83.18916320800781,644500,FMC,0.9522287245604044,1.1402646974395094,1.0245786549055969,1.0063518641843596,-0.05412313962395521,0.05819767938024589,0.16202931448048197
2019-09-05,87.72000122070312,88.62000274658203,87.43000030517578,87.4800033569336,83.92789459228516,787800,FMC,0.9308705700245178,1.13907054317143,0.8190226403167028,0.9877692663138891,-0.056898696289371276,0.07734864108869233,0.07935217492899505
2019-09-06,88.06999969482422,88.06999969482422,87.16999816894531,87.4000015258789,83.85115051269531,854900,FMC,0.9085042970598892,1.1244809853712348,0.7924118910284464,0.9690296845701092,-0.06052538751021996,0.06449422947233563,0.015801393277424358
2019-09-09,87.68000030517578,88.4000015258789,86.91000366210938,87.0199966430664,83.48658752441406,1270200,FMC,0.9175509199969222,1.134239881477734,0.6936052843735682,0.974601100586469,-0.057050180589546806,0.07576440563022535,-0.022293272285893617
2019-09-10,87.52999877929688,87.52999877929688,86.13999938964844,86.5999984741211,83.08363342285156,1122700,FMC,0.9271053701132184,1.1542414658375466,0.7865663697993506,0.9761899030612585,-0.04908453294804016,0.09181770624028074,0.05458914379330637
2019-09-11,87.1500015258789,88.95999908447266,86.83999633789062,88.87000274658203,85.26146697998047,983300,FMC,0.9467189112219876,1.121141443731141,0.7416108751810117,0.9814555571814548,-0.03473664595946724,0.07146627682210993,0.04488935062277022
2019-09-12,89.0,90.38999938964844,88.37000274658203,89.95999908447266,86.30719757080078,919900,FMC,0.9207308368111368,1.1113538818313298,0.7198390676755722,0.9786821553106511,-0.05795131849951429,0.05499291115261884,0.042506949738949196
2019-09-13,90.02999877929688,92.12999725341795,90.02999877929688,91.0500030517578,87.3529281616211,780100,FMC,0.916218256428674,1.113496431248708,0.7615325110050436,0.987396678943335,-0.071178422514661,0.05596355326766256,0.011619834548112329
2019-09-16,91.04000091552734,91.62999725341795,90.41999816894533,91.08999633789062,87.39130401611328,661400,FMC,0.923866780309978,1.105838787423656,0.815917391102036,0.9826616262133097,-0.058794845903331616,0.04846362718765107,0.04651256343705246
2019-09-17,90.72000122070312,91.52999877929688,90.4000015258789,90.6500015258789,86.96919250488281,665800,FMC,0.9353326269695856,1.0901501558088242,0.8927828959615328,0.9869791412258752,-0.05164651425628952,0.029396127297161234,0.0805755556523351
2019-09-18,90.58000183105467,91.61000061035156,89.9800033569336,90.87999725341795,87.18983459472656,931500,FMC,0.917600457677037,1.094797528838011,0.8506658910377939,0.9867204398181848,-0.06911998214114778,0.025600396345107024,0.06218366658722341
2019-09-19,90.97000122070312,91.18000030517578,90.1500015258789,90.38999938964844,86.71973419189453,697800,FMC,0.9284651453403232,1.114291618839841,0.9278040816154166,0.995011450677082,-0.06654630533675876,0.04320128253893696,0.12014844248774859
2019-09-20,90.58999633789062,90.98999786376952,89.22000122070312,89.9000015258789,86.24964904785156,1143400,FMC,0.9181046401591378,1.1277399368097802,0.9221369574328472,0.9960398818346243,-0.07793524167548649,0.05214196174823438,0.12483835771963103
2019-09-23,89.37000274658203,90.13999938964844,88.41000366210938,88.69999694824219,85.09835815429688,1095400,FMC,0.9347160465669214,1.1494526812415122,0.8806112993244045,0.9976146190139425,-0.06289857244702113,0.07229578089014144,0.12571054672781823
2019-09-24,88.62000274658203,89.18000030517578,87.33000183105469,87.94000244140625,84.36922454833984,988400,FMC,0.9526183749375928,1.1552740290834795,0.8560254820683165,1.0119348901247942,-0.05931651518720138,0.06695061201128283,0.08379411781429003
2019-09-25,87.87999725341797,88.20999908447266,86.79000091552734,87.66999816894531,84.11017608642578,838600,FMC,0.962312992466136,1.1419139698901235,0.8204630618253599,1.0097773436008184,-0.04746435113468239,0.06552096218390724,0.06927380944013817
2019-09-26,87.5999984741211,87.98999786376953,86.9800033569336,87.43000030517578,83.87992858886719,1071800,FMC,0.96552898726705,1.151972793199391,0.9057063153576714,1.0188342190622592,-0.053305231795209185,0.06622647837411688,0.09043267761065177
2019-09-27,87.19999694824219,87.94999694824219,85.98999786376953,86.12999725341797,83.01251220703125,866900,FMC,0.9858351769789504,1.164709792166179,0.9317075430288138,1.0279220586600373,-0.042086881681086874,0.0667156863693692,0.10478633956377492
2019-09-30,86.16000366210938,88.01000213623047,85.5999984741211,87.68000030517578,84.50639343261719,1231800,FMC,1.0375229473922174,1.13667473124444,0.954754432433145,1.0229391089257944,0.014583838466422971,0.0502102461935412,0.09534720418632514
2019-10-01,87.97000122070312,88.47000122070312,83.7699966430664,84.19000244140625,81.14273071289062,1141800,FMC,1.0868273731282097,1.1734149841004782,1.0798832969459002,1.0331074467465924,0.05371992638161727,0.06681824546381732,0.18305024087829114
2019-10-02,82.97000122070312,83.48999786376953,81.73999786376953,83.36000061035156,80.34276580810547,1359300,FMC,1.1397553644885656,1.2066655290390835,1.04979732091553,1.0645124703401365,0.07524289414842911,0.0828586035767831,0.15687949084517472
2019-10-03,83.19000244140625,83.22000122070312,81.80999755859375,83.19999694824219,80.18855285644531,840100,FMC,1.153725988000161,1.2126075379664134,1.0523017325384183,1.0604946631589243,0.09323132484123664,0.09502879023520427,0.14340635393250334
2019-10-04,82.9800033569336,83.5,81.8499984741211,82.19000244140625,79.2151107788086,1131200,FMC,1.17873214982775,1.2161441094925178,1.032908586179773,1.0487397601702302,0.1299923896575199,0.10673053345772354,0.1621753109881251
2019-10-07,82.1500015258789,82.26000213623047,81.05000305175781,81.05999755859375,78.12600708007812,940500,FMC,1.2030594918112385,1.2142640348776754,1.0384597581359305,1.0501054432696155,0.15295404854162298,0.10416349505677669,0.1655404931195149
2019-10-08,80.36000061035156,80.69000244140625,79.01000213623047,79.04000091552734,76.17913055419922,875000,FMC,1.225075816596396,1.2563518839501566,1.1004011937564842,1.0730029298493442,0.15207288674705177,0.11520091812600275,0.17742209364441452
2019-10-09,80.23999786376953,80.23999786376953,78.9000015258789,79.4800033569336,76.60319519042969,988800,FMC,1.2292400981860128,1.241941016284592,1.074736463219984,1.0691769327565497,0.16006316542946308,0.10759394428495428,0.17084624534425907
2019-10-10,79.80000305175781,80.29000091552734,79.05000305175781,79.91999816894531,77.02728271484375,917600,FMC,1.2388637417146389,1.2379939026081306,1.056558757225548,1.062308334970296,0.1765554067443429,0.10785915841351379,0.18438443521306846
2019-10-11,81.19999694824219,84.76000213623047,81.19999694824219,83.75,80.71864318847656,1164800,FMC,1.1743284517116048,1.194330712591,1.0145131065787245,1.0463310194455053,0.1279974322660995,0.07135420202927079,0.13934034631745562
2019-10-14,83.19999694824219,83.41999816894531,82.33999633789062,82.44999694824219,79.4656982421875,561800,FMC,1.1684658047906011,1.2181563305032546,1.0704502844160293,1.0486679415024387,0.11979786328816244,0.09146391016696032,0.18984708509091042
2019-10-15,82.94000244140625,83.69999694824219,82.19000244140625,83.04000091552734,80.03434753417969,578600,FMC,1.16859340596069,1.187125450250909,1.072941552842055,1.0411449978382394,0.1274484081224505,0.07428406325565784,0.18627330062632985
2019-10-16,83.94999694824219,85.43000030517578,83.4800033569336,83.7699966430664,80.73792266845703,1255500,FMC,1.1579324356925378,1.1701860839627305,1.0898798684353883,1.0521863086694416,0.10574612702309616,0.05415952709928207,0.17255264861583663
2019-10-17,84.04000091552734,85.04000091552734,83.79000091552734,84.4000015258789,81.34512329101562,872400,FMC,1.1488151266714863,1.152288186494402,1.0878487175283444,1.045139526059733,0.1036756006117534,0.04092055698985253,0.1725319687955006
2019-10-18,84.33000183105469,84.41999816894531,82.80999755859375,83.01000213623047,80.00543212890625,541200,FMC,1.173954786700427,1.157668947192154,1.1563236901791183,1.0489642593361574,0.12499052736426952,0.054289456992717255,0.20833052305903843
2019-10-21,83.69000244140625,83.93000030517578,83.16999816894531,83.54000091552734,80.51625061035156,523000,FMC,1.1620780777730375,1.127962426609141,1.111260457030731,1.0401557689402523,0.12192230883278521,0.04763624772571906,0.19121456060959552
2019-10-22,83.43000030517578,83.87000274658203,82.01000213623047,82.16000366210938,79.18620300292969,673900,FMC,1.1916991984078762,1.1624332528446124,1.1055811807851437,1.0392857492778664,0.15241344913000976,0.06731549641076073,0.21077190602456208
2019-10-23,81.87999725341797,82.66000366210938,81.52999877929688,82.52999877929688,79.54280090332031,563500,FMC,1.178117165494866,1.1727995093725836,1.0971975958949662,1.040533347199015,0.13758381829585087,0.0825868247723156,0.1997477402702872
2019-10-24,83.25,83.88999938964844,82.72000122070312,83.38999938964844,80.37167358398438,497400,FMC,1.1814365517563474,1.1568502315634874,1.0841863420639053,1.0483311387448295,0.1331054130115179,0.06850258508661566,0.1825398818311077
2019-10-25,83.0199966430664,84.05000305175781,82.31999969482422,83.9800033569336,80.94031524658203,561200,FMC,1.1731364352693074,1.143221388538741,1.1064007015169843,1.0472237990930433,0.12591263617626414,0.07867924323033959,0.21176512699109418
2019-10-28,84.61000061035156,85.0999984741211,83.4800033569336,84.02999877929688,80.9885025024414,783600,FMC,1.1755327321584597,1.1666852404424737,1.1313482159048358,1.0479818360763853,0.12755089608207437,0.09688796081011253,0.2240775845749896
2019-10-29,83.62999725341797,84.94999694824219,83.38999938964844,84.91000366210938,81.83665466308594,916500,FMC,1.153692157008618,1.1707989581684377,1.112127877011818,1.0403561361801832,0.11333602082843486,0.08599366929327967,0.18077390483743006
2019-10-30,88.58999633789062,91.33000183105467,87.66000366210938,90.97000122070312,87.67732238769531,1573500,FMC,1.0757392811477715,1.1241609628645632,1.016056154337062,1.028957528147249,0.04678175300052256,0.030877713517587724,0.08735324759072427
2019-10-31,91.25,93.0,90.58999633789062,91.5,88.18814086914062,1185300,FMC,1.0628413575019835,1.184607555881151,0.9841161810247188,1.028953970896263,0.03388738660572055,0.08484545682404998,0.06987571893220068
2019-11-01,92.16000366210938,95.12000274658205,91.87000274658205,95.01000213623048,91.57109832763672,1732300,FMC,1.0199979054201378,1.1114559771219223,0.9438254343482936,1.0210186331905924,-0.001020727770454588,0.03494394639591092,0.06507665628818649
2019-11-04,95.01000213623048,96.30999755859376,94.83000183105467,95.98999786376952,92.51561737060548,1016700,FMC,1.020835534145178,1.0971791096754326,0.93250601775147,1.0177477365123033,0.0030877976328747003,0.017588984389436346,0.04727498283502951
2019-11-05,96.16000366210938,97.18000030517578,95.80999755859376,96.87999725341795,93.37339782714844,1157200,FMC,1.0158960498709089,1.0911430667366744,0.9177875021714016,1.0255920535009635,-0.009696003630054628,0.004754724517432418,0.02384632831592315
2019-11-06,97.0,98.16999816894533,96.66000366210938,97.5199966430664,93.990234375,1386000,FMC,1.017124737651435,1.0962380092419426,0.9408718122051826,1.02472378454011,-0.007599046888675076,-0.0006046502419518873,0.0029273837748075016
2019-11-07,98.0999984741211,98.13999938964844,95.77999877929688,96.83000183105467,93.32521057128906,1060300,FMC,1.010327475028862,1.093573485066858,0.930362935181072,1.0217537284366727,-0.011426253407810671,-0.002324472261200805,0.0037606117603478095
2019-11-08,96.80999755859376,97.72000122070312,96.0,97.6999969482422,94.1637191772461,787600,FMC,1.0056295350911957,1.0842466274522418,0.9622989432944312,1.0184480680698833,-0.012818532978687625,-0.008335951898315264,0.025472406735956077
2019-11-11,96.83999633789062,99.0199966430664,96.62000274658205,99.01000213623048,95.42630767822266,817100,FMC,1.0049490246701296,1.0731470019668656,0.937323493967764,1.02732105527683,-0.022372030606700344,-0.01815953113080182,0.0031104228799105904
2019-11-12,98.68000030517578,99.0500030517578,97.72000122070312,98.3499984741211,94.79019927978516,1071300,FMC,1.0084393208460716,1.087088643172302,0.9583014503545904,1.024242363400095,-0.015803042554023428,-0.009497021828915875,0.022568665094845453
2019-11-13,97.81999969482422,97.88999938964844,95.80999755859376,96.33999633789062,92.85295104980467,823600,FMC,1.0330079762230102,1.1289518144892594,0.9942329033455046,1.0310099359995386,0.001998040223471609,0.031988915280147356,0.039441637430373544
2019-11-14,95.8000030517578,97.12999725341795,95.33000183105467,97.04000091552734,93.5276107788086,648800,FMC,1.039983518846913,1.1031095818033845,1.0016348187933763,1.030070938868324,0.009912579978589076,0.019879376835063356,0.030853126788329077
2019-11-15,97.68000030517578,97.87999725341795,96.77999877929688,97.0,93.4890594482422,609400,FMC,1.0337112624183946,1.0602831873024183,1.0169400540142737,1.0243368944408853,0.009374367977509346,0.017353708286198977,0.05971058932653983
2019-11-18,96.72000122070312,97.8000030517578,96.5199966430664,96.95999908447266,93.45050811767578,547100,FMC,1.0145421428889243,1.0124496019796314,1.025277691714539,1.0296677569338806,-0.01512561404495627,0.003289203931975404,0.0618321243180775
2019-11-19,97.41000366210938,97.7699966430664,96.1999969482422,97.4499969482422,93.92276000976562,640400,FMC,1.0163161244854453,0.998598448627058,1.0249943869711446,1.0348511569492849,-0.018535032463839585,0.0026910066817508183,0.049923418019244714
2019-11-20,96.88999938964844,97.76000213623048,96.76000213623048,97.08000183105467,93.56616973876952,699300,FMC,1.0327565322790744,0.9555377345144146,1.0500241154836083,1.0367429245182895,-0.003986392239215153,-0.004549436878980795,0.0656941374709018
2019-11-21,97.2300033569336,97.93000030517578,96.23999786376952,97.91000366210938,94.36613464355467,762300,FMC,1.030742375265164,0.95502830599483,1.0514400880023689,1.0414325601773815,-0.010690184912217404,0.0014890327682213211,0.04825987813666033
2019-11-22,98.0500030517578,98.1999969482422,96.5500030517578,97.2300033569336,93.7107391357422,788200,FMC,1.0438135143509806,1.0010643291860344,1.036871805200973,1.0399834010172984,0.003830113333682217,0.018487875733068537,0.03585689544828918
2019-11-25,97.80999755859376,98.93000030517578,97.1500015258789,98.5199966430664,94.95403289794922,851600,FMC,1.0264921983815445,0.9643051901382113,1.058259744339764,1.0272769628028116,-0.0007847644212670701,0.01445226137781308,0.043770646787763434
2019-11-26,98.7300033569336,98.83000183105467,97.70999908447266,98.5199966430664,94.95403289794922,746100,FMC,1.0115061167147348,1.0128315421689944,1.072409400268283,1.019753497826135,-0.00824738111140011,0.032594489426491235,0.04162740617599314
2019-11-27,98.75,99.33999633789062,98.52999877929688,98.77999877929688,95.2046356201172,977100,FMC,1.01494423039906,0.9642073004301264,1.066007397267431,1.0184708296222131,-0.0035265992231532373,0.02088829431196426,0.05971642538116906
2019-11-29,98.8000030517578,98.9499969482422,97.77999877929688,97.95999908447266,94.414306640625,401400,FMC,1.0240554560005797,0.92819128648302,1.0602876492354951,1.027957565839464,-0.0039021098388842823,0.0005737359696704747,0.06634102886947968
2019-12-02,98.02999877929688,98.56999969482422,97.20999908447266,97.86000061035156,94.31793975830078,649400,FMC,1.018430664300036,0.8132665708980936,0.979512622143151,1.0333786657950568,-0.014948001495020735,-0.04089980475689636,0.03804428734640419
2019-12-03,96.5999984741211,97.37000274658205,95.91000366210938,97.25,93.7300033569336,780800,FMC,1.015833699554568,0.8983043176771347,1.0111058030851143,1.0417166514803613,-0.025882951925793263,0.0028917254270000026,0.04553466810576201
2019-12-04,97.45999908447266,98.62999725341795,96.86000061035156,96.91000366210938,93.40232849121094,645700,FMC,1.0379489202715475,0.8629019728926365,1.0249724932060056,1.0344529937206122,0.0034959265509353354,0.025779196780210012,0.051340853560567834
2019-12-05,97.38999938964844,98.06999969482422,96.91000366210938,97.98999786376952,94.44322967529295,653700,FMC,1.0295840579219595,0.7937381648056047,1.035221490051227,1.0367512645970387,-0.007167206675079196,0.04224976125143032,0.04060384662904559
2019-12-06,98.8499984741211,99.0,98.11000061035156,98.41999816894533,94.857666015625,826800,FMC,1.0155952007144753,0.8985445723315926,1.032340951440918,1.0330572442281234,-0.017462043513648107,0.0956528281938509,0.049493256359242954
2019-12-09,98.63999938964844,99.51000213623048,98.26000213623048,99.19000244140624,95.59979248046876,710400,FMC,0.9923201517965506,0.7190271447423779,1.0081340216190056,1.0340376238600335,-0.04171747206348286,0.018134388461351292,0.019508896360643124
2019-12-10,98.93000030517578,99.5999984741211,97.5199966430664,97.83000183105467,94.28902435302734,598900,FMC,1.0150470306184711,0.7046912320770284,1.0373275367999306,1.0438020196584652,-0.028754989039994072,-0.03297431073859658,0.051008223100334704
2019-12-11,98.12000274658205,98.55999755859376,97.75,98.25,94.69381713867188,765700,FMC,1.004676471602458,0.6115155142225389,1.0318651550616562,1.044148768614289,-0.03947229701183086,-0.06813419020439393,0.042692917425437904
2019-12-12,98.22000122070312,99.8000030517578,98.01000213623048,99.5,95.89857482910156,651200,FMC,0.9943766787503008,0.6814573839873256,1.026211695534423,1.0379600676281349,-0.043583388877834084,-0.01082017072190089,0.03917914265520395
2019-12-13,99.8000030517578,100.4800033569336,98.97000122070312,99.18000030517578,95.59016418457033,602800,FMC,1.008521697405276,0.6614784239113864,0.9841985047082836,1.049983828710455,-0.04146213130517906,-0.005105528837737072,0.023964308831811665
2019-12-16,100.0,100.9800033569336,99.4800033569336,99.5199966430664,95.91783905029295,587400,FMC,1.0092141809077422,0.6477136395919137,1.0059078233519936,1.044141152852935,-0.034926971945192786,0.0040387725694451815,0.04000579558951256
2019-12-17,100.13999938964844,101.2300033569336,99.66999816894533,100.91999816894533,97.26717376708984,849900,FMC,0.9768024213344368,0.683911047789384,0.9665289905414564,1.0401829423118683,-0.06338052097743141,-0.026970524910959304,0.020171972018869777
2019-12-18,100.73999786376952,101.37000274658205,99.81999969482422,100.2699966430664,96.64069366455078,1348600,FMC,0.9776253664179104,0.7378267070943781,0.9848381082363632,1.0376155592547895,-0.05999019283687912,0.009007549411876647,0.023983836888644028
2019-12-19,100.26000213623048,101.9499969482422,98.0500030517578,98.37000274658205,94.80947875976562,1834200,FMC,0.9886461335229438,0.8189540598644808,1.027690082489007,1.034943648284932,-0.04629751476198807,0.05149541469679042,0.05761569579002368
2019-12-20,99.08000183105467,99.69000244140624,98.45999908447266,99.04000091552734,95.45521545410156,2375800,FMC,0.9702959020281012,0.7770075001362745,1.0180740032414963,1.0184381935354383,-0.048142291507337065,0.03805021791859664,0.05241012476397955
2019-12-23,99.0,100.31999969482422,97.76000213623048,100.26000213623048,96.63107299804688,719300,FMC,0.9398561208334872,0.8326402765026732,1.023701943559372,1.004497558926818,-0.06464143809333067,0.0763013418987345,0.05268620334542218
2019-12-24,100.22000122070312,101.31999969482422,100.0199966430664,100.91999816894533,97.26717376708984,248800,FMC,0.9463488242963,0.8176858221776244,1.0278671987134993,1.013647133004122,-0.06729830870782194,0.07446246922496502,0.04769870868272441
2019-12-26,100.9499969482422,101.5,100.54000091552734,101.48999786376952,97.81653594970705,307200,FMC,0.953701303852138,0.7661135718725413,1.018494800214242,1.009368571505801,-0.05566726765366292,0.06231239469783101,0.04667121603230984
2019-12-27,101.61000061035156,101.77999877929688,100.86000061035156,101.12999725341795,97.46957397460938,451600,FMC,0.953918083411321,0.7409718045401162,0.9939232276197972,1.0132043069838519,-0.05928622357253088,0.028914334325253366,0.013078583263449572
2019-12-30,100.6999969482422,100.73999786376952,99.12999725341795,99.22000122070312,96.0465850830078,452000,FMC,0.9634147794530122,0.7184981386157364,0.9968362107354204,0.9989207364455843,-0.035505956992572085,0.01753738511742875,0.020598677466284077
2019-12-31,99.0199966430664,99.94000244140624,98.91000366210938,99.81999969482422,96.6273956298828,411400,FMC,0.9778602631189568,0.7862219669635077,1.0141251431290252,1.003635286357499,-0.025775023238542305,0.03379172574753453,0.03288154374774965
2020-01-02,100.37000274658205,101.4000015258789,99.4499969482422,99.87999725341795,96.68548583984376,1023100,FMC,0.9909891767854828,0.7999482354277994,1.0277791893794248,1.0150507088582201,-0.024061532072737313,0.046050167559697375,0.0664726544693569
2020-01-03,98.5,99.41999816894533,98.31999969482422,99.2300033569336,96.05628204345705,835100,FMC,1.026100751142408,0.8399539518115905,1.0532469111709826,1.029111122076935,-0.0030103709345268292,0.04828236282335174,0.07112781770527443
2020-01-06,98.5999984741211,98.91000366210938,97.83000183105467,98.36000061035156,95.21409606933594,804900,FMC,1.0971940324531395,0.9202910407469546,1.1080691178504447,1.0266874067249352,0.07050662572820432,0.1091273426716759,0.10808775804676707
2020-01-07,98.91999816894533,101.25,98.29000091552734,100.1500015258789,96.94684600830078,1462900,FMC,1.0498252264870662,0.8699985999861336,1.071214432151936,1.0199620823962716,0.029863144090794602,0.07439667228482272,0.0710316787082299
2020-01-08,100.33000183105467,100.72000122070312,98.8499984741211,100.4499969482422,97.23724365234376,1433500,FMC,1.0439025098312444,0.8678007513487557,1.0709323127041963,1.0232695215769656,0.02063298825427884,0.05344410307733061,0.061661632578820624
2020-01-09,100.8499984741211,101.44000244140624,99.25,99.5199966430664,96.33699035644533,925500,FMC,1.057576485208538,0.8493307479907075,1.0675386443201995,1.0249701162824836,0.03260636892605451,0.06320743284342178,0.059806931483996184
2020-01-10,99.79000091552734,99.79000091552734,97.47000122070312,98.0,94.8656005859375,734200,FMC,1.086122543714831,0.8552174224945601,1.094921886560834,1.0345902593360599,0.05153228437877111,0.0674391410899402,0.07846177565814338
2020-01-13,98.05999755859376,98.9000015258789,97.81999969482422,98.87000274658205,95.70779418945312,1020600,FMC,1.0663496806437696,0.8758702142401853,1.1032728632818616,1.0265771375432877,0.03977254310048184,0.0653254849694489,0.08687491599420949
2020-01-14,98.77999877929688,99.13999938964844,98.16000366210938,98.27999877929688,95.13665008544922,731200,FMC,1.0731583974692036,0.8653683622070721,1.108251479921291,1.02603594253187,0.04712245493733369,0.06744210277398055,0.10072543030649306
2020-01-15,98.87000274658205,99.2300033569336,97.98999786376952,98.51000213623048,95.35930633544922,629500,FMC,1.0739010163665943,0.8534442334486898,1.1009456405685762,1.0219015962939193,0.051999420072674996,0.08267281392423775,0.10818034600388726
2020-01-16,98.86000061035156,99.62000274658205,98.52999877929688,99.58999633789062,96.40475463867188,485900,FMC,1.0688824374618353,0.8494406916638889,1.100268091931886,1.0174106968397891,0.05147174062204618,0.07195805231288,0.10987862899948042
2020-01-17,99.75,100.0,98.77999877929688,100.0,96.80164337158205,943200,FMC,1.0829000822431614,0.8787462311785519,1.0755493484584036,1.0167057038236287,0.06619437841953268,0.09935094812414791,0.09753895996793482
2020-01-21,99.27999877929688,99.4800033569336,98.12000274658205,98.1500015258789,95.01081085205078,872200,FMC,1.0858890971253543,0.9038148012202752,1.1150723059838883,1.0096671574983878,0.07622193962696655,0.11171208169145763,0.1274730416215284
2020-01-22,98.29000091552734,98.30999755859376,97.47000122070312,97.5999984741211,94.4783935546875,650100,FMC,1.049180391412037,0.9313731237895156,1.0904028369426604,0.9795819064254594,0.06959848498657761,0.11419049111334267,0.10069101151075788
2020-01-23,96.6500015258789,97.27999877929688,94.86000061035156,96.83000183105467,93.73302459716795,905700,FMC,1.009398023323722,0.9440769507825107,1.1065867639607596,0.9454235464635514,0.06397447686017066,0.124259553576478,0.12131402202228991
2020-01-24,97.06999969482422,97.3000030517578,95.20999908447266,95.68000030517578,92.61980438232422,591000,FMC,1.012646518333856,0.9988379605272316,1.116613507088177,0.9432939683900934,0.06935254994376261,0.1444285072657444,0.1086251941345584
2020-01-27,93.47000122070312,94.51000213623048,92.6999969482422,93.81999969482422,90.81930541992188,889400,FMC,0.9844383355057365,0.9851927961566778,1.1581351540524474,0.9204723459143687,0.06396598959136779,0.1400013537190964,0.13375075462270147
2020-01-28,94.25,95.30999755859376,93.79000091552734,95.08999633789062,92.04867553710938,694900,FMC,0.9790725307674992,0.9510921836412156,1.1370360092711116,0.9016182453511679,0.07745428541633137,0.14066996880285243,0.1088701454067067
2020-01-29,95.33000183105467,96.55999755859376,95.22000122070312,96.37000274658205,93.28775787353516,854400,FMC,1.0056033111828315,0.935537222796024,1.1349341843609928,0.933912869908151,0.0716904412746805,0.11958680440277569,0.1058480038379832
2020-01-30,95.30999755859376,96.62999725341795,94.93000030517578,96.0500030517578,92.97798919677734,703700,FMC,0.984799386812514,0.93718816185793,1.154704622891091,0.9100288572281962,0.07477052958431785,0.11413151883865225,0.12468425119516979
2020-01-31,95.16000366210938,96.04000091552734,94.75,95.58999633789062,92.53269958496094,919500,FMC,1.0393346352863344,0.9677921639755004,1.1664976700230183,0.9603917770627003,0.07894285822363412,0.13407010004866815,0.11460354312088361
2020-02-03,96.06999969482422,98.0999984741211,95.58000183105467,97.61000061035156,94.48809051513672,930400,FMC,0.9715193121084548,0.969711604027633,1.130246626837553,0.9205980590425482,0.05092125306590656,0.12650603377315572,0.09403412920392817
2020-02-04,98.6999969482422,99.25,97.38999938964844,98.9800033569336,95.81427001953124,1044800,FMC,0.9146292793891788,0.949887996784347,1.1173587625595534,0.8875565666064313,0.027072712782747477,0.0977958091789034,0.09364278345296273
2020-02-05,99.83999633789062,102.0,99.38999938964844,101.81999969482422,98.56342315673828,1366100,FMC,0.778236235965819,0.9038351160566628,1.092742535067794,0.8019131781579599,-0.023676942192140893,0.061090745252400214,0.07523206527140092
2020-02-06,103.4800033569336,108.7699966430664,102.0999984741211,107.91999816894533,104.46833801269533,2297600,FMC,0.8059673228571298,0.8307529157136769,1.026202169099051,0.8367853497309393,-0.030818026873809523,0.007598089031770949,0.006296890183672632
2020-02-07,107.05999755859376,107.5500030517578,103.7300033569336,105.13999938964844,101.7772445678711,1393500,FMC,0.7918965960420077,0.8491793231363942,1.0474739896044625,0.7935212395670934,-0.0016246435250857338,0.04266032623219429,0.012107153322057806
2020-02-10,104.86000061035156,105.5199966430664,104.23999786376952,104.86000061035156,101.5062026977539,620000,FMC,0.7385085227155287,0.8499122973890049,1.051330736892092,0.7080264948218032,0.03048202789372545,0.040139426641678355,0.029821841993685094
2020-02-11,105.22000122070312,106.72000122070312,104.87000274658205,105.25,101.88373565673828,1018300,FMC,0.8365794637678826,0.8411248076902196,1.0418671262506922,0.7577791944221275,0.07880026934575513,0.030052652410477276,0.030871848498670973
2020-02-12,106.08999633789062,106.98999786376952,105.27999877929688,106.44000244140624,103.0356674194336,681300,FMC,0.6671364154451088,0.8582732985657039,1.0241439320919792,0.6556544781362726,0.011481937308836176,0.014970837086894395,0.02303105169078634
2020-02-13,105.7699966430664,106.08999633789062,104.01000213623048,105.43000030517578,102.05797576904295,813400,FMC,0.6510480757823369,0.8507548398763456,1.0285883703025422,0.6877233932900451,-0.03667531750770814,0.017097983725529176,0.03172655287228199
2020-02-14,105.37000274658205,106.87999725341795,104.77999877929688,105.47000122070312,102.09669494628906,588700,FMC,0.5671754439427596,0.8875277256389881,1.0418973431361398,0.6328948362376976,-0.06571939229493795,0.040261501114538745,0.03855704947466565
2020-02-18,105.1999969482422,105.83999633789062,104.58999633789062,105.79000091552734,102.40645599365234,644300,FMC,0.6381510940599595,0.8734343871341353,1.037122040043005,0.6494822674924952,-0.011331173432535646,0.02861545335754745,0.03299183371714731
2020-02-19,106.0,107.2699966430664,105.8000030517578,106.4499969482422,103.04534912109376,599700,FMC,0.6136213976230457,0.8815301828175763,1.0316409454508837,0.6212259546448674,-0.007604557021821723,0.03950038858647387,0.03233084431436617
2020-02-20,106.45999908447266,108.58999633789062,106.33999633789062,108.29000091552734,104.82650756835938,848100,FMC,0.5926677714846337,0.8806690335099006,1.0208297488613387,0.6024837075005126,-0.009815936015878934,0.018397352558700453,0.019173764335144172
2020-02-21,107.47000122070312,107.83999633789062,106.0999984741211,106.58000183105467,103.17120361328124,631700,FMC,0.6447738554636684,0.9080102605544274,1.034743400358623,0.672994196719796,-0.0282203412561276,0.018927907876249206,0.014047377295238084
2020-02-24,103.04000091552734,103.31999969482422,101.41000366210938,102.4000015258789,99.1248779296875,1062700,FMC,0.7193359151313189,0.9591211727138496,1.0543867013697752,0.7128334632909551,0.006502451840363799,0.050069247711818976,0.008444306403606161
2020-02-25,102.94000244140624,103.22000122070312,97.33000183105467,97.73999786376952,94.61392974853516,913500,FMC,0.8206466822624227,1.0126703489337394,1.138667215214095,0.7790606018039337,0.041586080458488994,0.07005624583979508,0.047520786567955886
2020-02-26,98.55999755859376,99.6999969482422,96.8499984741211,96.88999938964844,93.79112243652344,813900,FMC,0.7907935890751046,1.0264329855312488,1.17065992374764,0.7616966398962702,0.02909694917883432,0.06175048934696459,0.055676280046775384
2020-02-27,94.0,96.70999908447266,92.33999633789062,92.36000061035156,89.406005859375,976900,FMC,0.8999275000204803,1.09888294052271,1.197118450084242,0.8080501435920159,0.0918773564284644,0.08947968247160554,0.08030853875902277
2020-02-28,89.30000305175781,93.41000366210938,88.69999694824219,93.0999984741211,90.12232971191406,1861500,FMC,0.8825114619969974,1.1009517533693505,1.1772934195040954,0.8039945572893201,0.07851690470767725,0.06030853474735465,0.06003054189974377
2020-03-02,93.5999984741211,96.95999908447266,91.08999633789062,96.91000366210938,93.81047821044922,1207000,FMC,0.7988294823155667,1.0357694055925997,1.10139845495179,0.7365135258588363,0.06231595645673038,0.02837610617127706,0.041323424311958235
2020-03-03,96.13999938964844,98.66999816894533,92.62999725341795,94.58999633789062,91.56466674804688,896300,FMC,0.7887562820978999,1.0974323846458678,1.1526600199773962,0.7619740946148655,0.026782187483034403,0.03819514869751561,0.04769709001162914
2020-03-04,96.0999984741211,99.41000366210938,94.8000030517578,99.3499984741211,96.17243957519533,928800,FMC,0.7175578877624506,1.0588230674290628,1.0959086634626718,0.7200387043581622,-0.0024808165957116435,0.01393962924439407,0.042690913016991905
2020-03-05,96.5999984741211,97.16000366210938,93.68000030517578,94.83000183105467,91.79700469970705,798500,FMC,0.8275932455880006,1.1055790562795913,1.1566679967290605,0.8035293557496315,0.024063889838369157,0.045436662842965214,0.06687474639474056
2020-03-06,91.86000061035156,92.44000244140624,88.30000305175781,90.52999877929688,87.63453674316406,1127700,FMC,0.8825673834020201,1.1423158832410476,1.2335940815051911,0.8279168057463571,0.05465057765566306,0.07745249840929191,0.09598186285071963
2020-03-09,84.5,85.43000030517578,79.0199966430664,79.23999786376953,76.70562744140625,1560000,FMC,1.051850514623094,1.20441766229426,1.4255485400777408,0.9535238275269462,0.09832668709614789,0.1054632338358037,0.1667123898428846
2020-03-10,82.86000061035156,86.98999786376953,81.7699966430664,86.9800033569336,84.19806671142578,1456700,FMC,1.0406970490872198,1.1255715721145203,1.2855683608086947,0.9375149612826199,0.10318208780459992,0.05236559695981602,0.07452484029487771
2020-03-11,84.5,85.66000366210938,82.02999877929688,83.26000213623047,80.59705352783203,1023300,FMC,1.0464851580606127,1.1878203149426962,1.3694614463418604,0.9759973030416064,0.07048785501900634,0.02513923378331806,0.08566820168989953
2020-03-12,77.48999786376953,79.52999877929688,74.37999725341797,77.44000244140625,74.96319580078125,1594800,FMC,1.125653091482881,1.304235497237007,1.4425050500856134,1.1183169023040096,0.007336189178871466,-0.02441462296977659,0.013935618945760897
2020-03-13,83.52999877929688,88.2300033569336,78.20999908447266,88.05000305175781,85.23384094238281,1719100,FMC,0.9599704433585724,1.1489034414421349,1.2215212092622745,1.0020290023992315,-0.04205855904065914,-0.07348172697874955,-0.08260552255446574
2020-03-16,76.06999969482422,80.19000244140625,61.84999847412109,71.01000213623047,68.73884582519531,1827700,FMC,1.1802746095391452,1.4020806154407597,1.5302965524635677,1.154696163181374,0.02557844635777129,-0.019345086350331053,-0.0009014684514194737
2020-03-17,72.37999725341797,72.5199966430664,67.72000122070312,68.63999938964844,66.44464874267578,1613200,FMC,1.2616156122040183,1.4720312806255296,1.5383858345696932,1.1570109519637126,0.10460466024030568,0.10994114254031917,0.09955675235134098
2020-03-18,64.48999786376953,65.19000244140625,56.77000045776367,59.81999969482422,57.90673828125,2340500,FMC,1.4217386355012522,1.6873899861290296,1.7574395727403809,1.2579863744882274,0.16375226101302487,0.17036828703946072,0.16265589594352559
2020-03-19,59.040000915527344,72.25,57.08000183105469,67.51000213623047,65.35079193115234,1568500,FMC,1.2453383913601976,1.5059073680145336,1.57775507990687,1.1695174739874898,0.0758209173727078,0.053386019824080755,0.029739899848411744
2020-03-20,68.45999908447266,71.41999816894531,63.70000076293945,65.31999969482422,63.23083114624024,1742000,FMC,1.295097976342672,1.4878769573293438,1.6445743115038545,1.2321109934680623,0.06298698287460969,0.04110461973178614,0.016858558415400182
2020-03-23,64.81999969482422,66.98999786376953,62.68999862670898,64.18000030517578,62.12729263305664,1204300,FMC,1.3691901848529473,1.5530131864843189,1.6647752401911864,1.2782648704797976,0.09092531437314966,0.04858130915132386,0.008079592458729357
2020-03-24,68.4000015258789,72.7300033569336,66.25,68.72000122070312,66.5220947265625,1463300,FMC,1.2908820366676514,1.4132378672132622,1.5636498782454873,1.1633792784668344,0.12750275820081702,0.09780818772569289,0.07667180089728953
2020-03-25,69.16000366210938,77.19999694824219,67.95999908447266,73.66000366210938,71.30408477783203,1738500,FMC,1.2340756747641684,1.3347824072602852,1.4213193944897526,1.1630380067850696,0.07103766797909872,0.03848790463024265,-0.02875396096175864
2020-03-26,75.26000213623047,81.87000274658203,74.0,80.20999908447266,77.64460754394531,1609400,FMC,1.139695219648475,1.2548812355348329,1.3105658289045707,1.1093241340992537,0.03037108554922141,0.010555395768475417,-0.06935497877050945
2020-03-27,76.83000183105469,78.63999938964844,75.26000213623047,76.62000274658203,74.16941833496094,1033400,FMC,1.2473089123588932,1.310249905004704,1.3947476807672532,1.1952960913430661,0.05201282101582705,0.019392213900465416,-0.06822056543235089
2020-03-30,75.9000015258789,83.23999786376953,75.38999938964844,82.63999938964844,80.45892333984375,1614100,FMC,1.1120522340789494,1.229464839076981,1.267287741449009,1.1443490799402438,-0.03229684586129444,-0.045512475261515695,-0.1594878064111367
2020-03-31,82.5,84.98999786376953,80.54000091552734,81.69000244140625,79.53398895263672,2046500,FMC,1.1007466992508834,1.25704417373427,1.3124029046841634,1.1201491571206488,-0.019402457869765355,-0.05172991041196129,-0.16466496198755864
2020-04-01,78.02999877929688,79.81999969482422,75.18000030517578,76.97000122070312,74.9385757446289,1645000,FMC,1.1646094024962867,1.3294305669651931,1.3899993779492057,1.1936280309095093,-0.029018628413222558,-0.04064323099434386,-0.2005363759804173
2020-04-02,77.5199966430664,80.62999725341797,73.4000015258789,74.18000030517578,72.22220611572266,1591000,FMC,1.2065246338356377,1.3413779330465552,1.4689326114328192,1.1939662404088118,0.012558393426825853,-0.031467607518263385,-0.11932933028510284
2020-04-03,74.27999877929688,76.77999877929688,70.5,70.87999725341797,69.00929260253906,1562300,FMC,1.2976864157353978,1.387388717047941,1.551697002140144,1.2106828272376642,0.0870035884977336,0.005184868391871822,-0.07973673812342352
2020-04-06,75.19999694824219,79.16999816894531,73.94000244140625,78.02999877929688,75.9705810546875,992300,FMC,1.20607472712344,1.28987129047756,1.4024026433636323,1.1388974241006424,0.06717730302279756,0.0015790482386419669,-0.08846703584149895
2020-04-07,82.0,84.30999755859375,79.29000091552734,79.44000244140625,77.3433837890625,1603300,FMC,1.1767370465769251,1.2848071210880103,1.3895740312848706,1.1578204984735645,0.01891654810336063,0.028297186704120847,-0.07687161177942525
2020-04-08,80.30000305175781,83.95999908447266,78.9800033569336,82.87000274658203,80.68285369873047,1045400,FMC,1.1041389703499571,1.2539341101965975,1.3276772407456914,1.0946023996533671,0.009536570696589974,0.038541390408030285,-0.0731670868786185
2020-04-09,85.5999984741211,91.01000213623048,83.51000213623047,90.0,87.62467956542969,1543500,FMC,0.9904444368210684,1.2040420571204082,1.2207023648466864,1.0349884425663953,-0.04454400574532691,-0.008131301720026407,-0.13630759696491146
2020-04-13,88.77999877929688,89.66000366210938,84.0999984741211,86.62999725341797,84.34362030029297,883000,FMC,1.0247026549858902,1.2312829378909456,1.2560788531107896,1.0242207536395156,0.00048190134637460247,-0.004450553680497071,-0.11361707717828318
2020-04-14,88.20999908447266,89.30000305175781,86.45999908447266,86.66999816894531,84.38255310058594,940900,FMC,1.022383973512209,1.2340762681292097,1.2472357165654475,1.0130380487332131,0.009345924778995984,0.023162187379696997,-0.09243341993541287
2020-04-15,82.8499984741211,85.38999938964844,80.79000091552734,84.04000091552734,81.82196807861328,991400,FMC,1.047358546529935,1.2569174574754471,1.281226033419152,1.0554691201654947,-0.00811057363555956,0.00443827583023837,-0.09613813489229206
2020-04-16,83.47000122070312,84.58000183105469,81.58000183105469,83.33000183105469,81.1307144165039,654300,FMC,1.0900034935228768,1.2802848232056432,1.3012215105090157,1.1191469275195236,-0.02914343399664676,0.008422235264585076,-0.10232693957322558
2020-04-17,86.01000213623047,87.72000122070312,84.86000061035156,86.0999984741211,83.82760620117188,863400,FMC,1.0357723519520268,1.259630531264209,1.2627563697206596,1.059274009359354,-0.023501657407327237,0.03296564236790145,-0.08868716264233267
2020-04-20,84.62000274658203,86.25,83.6500015258789,84.55999755859375,82.3282470703125,763700,FMC,1.1006386105069,1.2806702074186762,1.2568843940020729,1.0996299435474195,0.001008666959480431,0.03807878969335232,-0.08572323815142435
2020-04-21,82.5,84.75,81.81999969482422,83.58999633789062,81.38385009765625,791600,FMC,1.0990549110427308,1.290003022364749,1.2603671610695424,1.1321504200906551,-0.033095509047924354,0.01918957876655214,-0.11013123382284373
2020-04-22,85.41000366210938,86.16000366210938,83.16999816894531,84.11000061035156,81.89012145996094,571400,FMC,1.1092618234011604,1.2952853598014888,1.2269096330349591,1.1137589563145864,-0.004497132913426016,0.038975361078781745,-0.07928146780912182
2020-04-23,85.51000213623047,88.94000244140625,85.5,87.37000274658203,85.06407928466797,836800,FMC,1.085269597728835,1.2239589887240874,1.1964862340698283,1.1400400982322514,-0.054770500503416475,-0.013211749684982621,-0.11344103602473354
2020-04-24,88.25,90.75,87.5199966430664,88.19999694824219,85.87217712402344,901100,FMC,1.0909297354754208,1.2337398153674697,1.1750478302132712,1.150698834444404,-0.05976909896898319,-0.008723235048681,-0.10143118167960785
2020-04-27,88.6500015258789,91.08000183105467,88.12000274658203,90.37999725341795,87.99463653564453,677100,FMC,1.0804382279200315,1.1707475866450754,1.1936939557553117,1.0982745432715075,-0.017836315351476006,-0.023053491689553063,-0.06161364016724913
2020-04-28,92.63999938964844,92.88999938964844,90.63999938964844,90.88999938964844,88.4911880493164,745400,FMC,1.0827374269067864,1.1721361940290465,1.161469152148466,1.0867168009353638,-0.003979374028577398,-0.007022472572089766,-0.10865267712907056
2020-04-29,93.72000122070312,95.72000122070312,92.8499984741211,95.0199966430664,92.51217651367188,669300,FMC,1.0406230341431908,1.1179125656165272,1.1133221714176005,1.0621793642564419,-0.021556330113251088,-0.0315076613575509,-0.1182385423838701
2020-04-30,93.80999755859376,94.19000244140624,91.81999969482422,91.9000015258789,89.47452545166016,1130100,FMC,1.0980414159583307,1.175541638723337,1.197989444562637,1.1015967726975993,-0.003555356739268545,-0.009638720317781901,-0.10019164083928311
2020-05-01,90.0999984741211,91.12000274658205,88.38999938964844,89.91999816894531,87.5467758178711,808700,FMC,1.1333408453610745,1.195505576460547,1.2189839747184537,1.1717589994825794,-0.038418154121504955,-0.04671480233001435,-0.12394927994249882
2020-05-04,88.2699966430664,89.8499984741211,87.75,89.63999938964844,87.274169921875,693000,FMC,1.113342279180362,1.2131363207217287,1.236070529407651,1.1726715956239289,-0.05932931644356687,-0.023199950844907224,-0.13782138839913838
2020-05-05,90.75,92.55999755859376,89.0999984741211,89.5,87.13787078857422,1179100,FMC,1.1531843694279171,1.2320947595005312,1.2324811416528805,1.199456117160557,-0.046271747732639756,-0.0007920718160780993,-0.13701428403472526
2020-05-06,89.95999908447266,93.0,87.29000091552734,91.9800033569336,89.55242156982422,1228800,FMC,1.1370948511285957,1.2053183663228633,1.1933282301689023,1.241846991780565,-0.10475214065196936,-0.04909676330735824,-0.19248961239828177
2020-05-07,94.23999786376952,96.87999725341795,93.43000030517578,94.11000061035156,91.6261978149414,829000,FMC,1.1076400445009584,1.1655492438609052,1.1448818277400576,1.1857653446877672,-0.07812530018680874,-0.056799492404661756,-0.1907699113179837
2020-05-08,95.41000366210938,96.37999725341795,93.37999725341795,93.4800033569336,91.01282501220705,982300,FMC,1.0999144706118154,1.1763058027284738,1.1719138187677276,1.1243771196277146,-0.02446264901589923,-0.015796962821062577,-0.1508788901961624
2020-05-11,91.7300033569336,92.5199966430664,90.41999816894533,91.5,89.0850830078125,730400,FMC,1.037049182293415,1.209006505340614,1.2346465911193023,1.0573369744033387,-0.02028779210992382,0.008541226084444187,-0.12601735541585124
2020-05-12,91.51000213623048,92.62999725341795,89.0999984741211,89.13999938964844,86.7873764038086,927800,FMC,1.091990036389945,1.235267610487372,1.309205262762304,1.114546628139541,-0.02255659174959601,-0.000818541021405883,-0.09195899947340114
2020-05-13,88.9000015258789,89.68000030517578,86.62000274658203,88.7699966430664,86.42713165283203,770900,FMC,1.1076940270265905,1.233513300507222,1.309889490603828,1.1712625506774148,-0.06356852365082433,-0.04802072699169968,-0.13012844122382505
2020-05-14,87.37999725341797,89.06999969482422,85.58000183105469,88.61000061035156,86.27136993408203,959100,FMC,1.1332804964661,1.2369873222470833,1.3128236438672518,1.1765211541107627,-0.04324065764466267,-0.01880836744293779,-0.1147139878892458
2020-05-15,88.13999938964844,88.62000274658203,87.44999694824219,88.0199966430664,85.69693756103516,784200,FMC,1.1426948963758548,1.2386593722181651,1.3036306621456064,1.1588394452292876,-0.01614454885343286,-0.005155587699700037,-0.11513219366308847
2020-05-18,92.04000091552734,93.06999969482422,90.79000091552734,90.83000183105467,88.4327621459961,740900,FMC,1.0898382106414952,1.193260857355657,1.288955133435176,1.0963411429637036,-0.006502932322208332,0.019880941388783713,-0.07535690337461953
2020-05-19,90.72000122070312,91.41000366210938,89.11000061035156,89.18000030517578,86.8263168334961,732900,FMC,1.126485666401798,1.2090302894451288,1.3374621798218165,1.1004426756785022,0.026042990723295745,0.025712671822352817,-0.06596642762038818
2020-05-20,90.72000122070312,93.63999938964844,90.20999908447266,93.06999969482422,90.6136474609375,506200,FMC,1.0783281883371705,1.1739321635118622,1.2646526302459762,1.0815042987078813,-0.0031761103707108607,-0.0035380774093360934,-0.10267161096652777
2020-05-21,92.73999786376952,93.23999786376952,91.4000015258789,91.87000274658205,89.44532012939453,442500,FMC,1.1002502862345471,1.1874069252596668,1.270081391005646,1.0852165557818936,0.015033730452653549,0.008047055485946863,-0.10470513768235112
2020-05-22,91.43000030517578,93.38999938964844,91.16999816894533,93.3000030517578,90.83758544921876,500400,FMC,1.035691296614958,1.1702843142063706,1.25429101857644,1.0467790286512277,-0.01108773203626967,-0.006529688028750424,-0.10097586927960767
2020-05-26,96.22000122070312,97.0500030517578,94.54000091552734,94.81999969482422,92.31745910644533,629800,FMC,1.045138217988181,1.1591525420086914,1.2652491679086535,1.0266648888101892,0.018473329177991715,0.011587052088129157,-0.06077972746175009
2020-05-27,96.44000244140624,96.97000122070312,94.45999908447266,96.22000122070312,93.68051147460938,690400,FMC,1.0035336250208895,1.1395723653241676,1.2387672275316044,0.98170303926403,0.021830585756859477,0.008986582141481847,-0.05591948673466174
2020-05-28,97.27999877929688,98.48999786376952,95.51000213623048,97.6500015258789,95.07276916503906,752200,FMC,1.001079896621385,1.0993258530477128,1.2228991849858015,1.0119748096323817,-0.010894913010996765,-0.034485018232735865,-0.09710768274555948
2020-05-29,97.33000183105467,98.69000244140624,96.33999633789062,98.41000366210938,95.8127212524414,681800,FMC,1.0169292738346114,1.124420416192713,1.24738395483807,1.026394901998446,-0.00946562816383456,-0.019553111842468773,-0.09373678349107029
2020-06-01,98.22000122070312,99.80999755859376,97.7699966430664,98.87999725341795,96.27030181884766,687000,FMC,1.0094543331805663,1.1405127662978831,1.2122779848793117,1.0098711599508365,-0.00041682677027021775,-0.0020225417768655607,-0.10545448689473025
2020-06-02,99.45999908447266,101.04000091552734,98.1999969482422,100.91000366210938,98.24673461914062,573000,FMC,1.0068672268834475,1.0893957908881575,1.197387266804562,1.004165475686864,0.002701751196583446,-0.00786005878085927,-0.11367241966122577
2020-06-03,102.01000213623048,104.29000091552734,101.36000061035156,101.91000366210938,99.2203369140625,763500,FMC,1.0076335208713445,1.069341518282803,1.1772242662211356,0.9904777700587754,0.017155750812569148,0.004367638253738537,-0.09097564800121427
2020-06-04,101.31999969482422,101.44000244140624,98.73999786376952,99.8000030517578,97.16602325439452,968200,FMC,1.025313477931601,1.0633626065848525,1.1892766383120894,0.9737129878925915,0.05160049003900957,0.022664605800874815,-0.08099645492073648
2020-06-05,102.45999908447266,104.9800033569336,101.77999877929688,103.20999908447266,100.48603057861328,846000,FMC,0.9640869780778164,1.0503244082316288,1.1379617421885588,0.9555197936840854,0.008567184393731053,0.02106677572376303,-0.09287494526494977
2020-06-08,103.0999984741211,105.76000213623048,102.55999755859376,104.58999633789062,101.82959747314452,1012800,FMC,0.9402248099180874,1.0350253004249867,1.1045254408684375,0.9235807988149242,0.01664401110316327,0.03972082383812259,-0.09325309031444373
2020-06-09,104.30999755859376,105.5199966430664,102.4499969482422,104.23999786376952,101.48884582519533,777400,FMC,0.9655472049817376,1.0462101196285225,1.112782286673343,0.9543505613494414,0.011196643632296222,0.029903587848307156,-0.12892821400623133
2020-06-10,104.58999633789062,104.97000122070312,102.5500030517578,102.81999969482422,100.1063232421875,443900,FMC,0.9926578765741016,1.0799062672622248,1.1220677843747675,0.9608958633020045,0.031762013272097156,0.023193790838210493,-0.14656042796737023
2020-06-11,99.0199966430664,100.08999633789062,94.33999633789062,94.88999938964844,92.38561248779295,1021500,FMC,1.0950945676114634,1.1835998297818506,1.22912789954916,1.0452604457269579,0.04983412188450553,0.048425957494650174,-0.14822877399815493
2020-06-12,98.43000030517578,98.73999786376952,95.69000244140624,97.33999633789062,94.7709503173828,696100,FMC,1.1132504114937125,1.1421471478651517,1.198502183818826,1.0498126718293574,0.06343773966435506,0.024867431080818125,-0.14535013380498207
2020-06-15,94.66999816894533,99.06999969482422,93.5199966430664,98.33000183105467,95.7348175048828,716000,FMC,1.0847762945848451,1.152919704364483,1.1830501920840308,1.0316143405530773,0.05316195403176782,0.058545789890087185,-0.13195118845392684
2020-06-16,101.86000061035156,102.5999984741211,98.38999938964844,100.41999816894533,97.76966094970705,807400,FMC,1.0651004126847998,1.1060157871347065,1.1418529184661717,1.0166643907242152,0.04843602196058461,0.04254986619835921,-0.15477733838828578
2020-06-17,101.33999633789062,102.0,100.04000091552734,100.58000183105467,97.92545318603516,503000,FMC,1.0502219467662774,1.0632061539732074,1.141741379330494,1.0230961122793614,0.02712583448691608,0.01343985200485398,-0.1724969745570044
2020-06-18,99.93000030517578,100.55999755859376,98.54000091552734,98.98999786376952,96.37740325927734,527600,FMC,1.0777466382223015,1.0914469079814657,1.166092942588249,1.0320780068346933,0.04566863138760824,0.033621869891738765,-0.14856658143849888
2020-06-19,100.91999816894533,101.62999725341795,99.0500030517578,100.45999908447266,97.80860137939452,1274100,FMC,1.0795759334519452,1.0450768640704202,1.1311563233889257,1.0472002394231807,0.0323756940287645,0.003965065350056474,-0.19120154604319262
2020-06-22,99.66999816894533,100.87999725341795,98.5999984741211,100.36000061035156,97.71125030517578,497900,FMC,1.0790500881183402,1.0415135725512092,1.1322833101263514,1.0416111253467466,0.03743896277159364,0.004201692498146725,-0.17580691408486282
2020-06-23,101.9800033569336,102.08999633789062,100.63999938964844,101.08000183105467,98.41223907470705,501800,FMC,1.0667922362579243,1.0477105786307854,1.1433608993627375,1.0305967789015436,0.036195457356380745,-0.0034166058251967613,-0.17110320704158277
2020-06-24,99.88999938964844,100.13999938964844,96.41000366210938,96.62999725341795,94.07969665527344,867100,FMC,1.127459794307357,1.1053160702587757,1.204926132982527,1.0730616563589168,0.05439813794844017,-0.0035556278976434097,-0.15976950388485567
2020-06-25,96.62000274658205,99.27999877929688,95.0199966430664,99.0999984741211,96.48450469970705,604300,FMC,1.0790846134521734,1.071964652122415,1.156391094805746,1.0527413251046664,0.026343288347506988,-0.018514979347698857,-0.17076051657421742
2020-06-26,98.29000091552734,99.04000091552734,96.33999633789062,96.55999755859376,94.01154327392578,1434300,FMC,1.1269246335154994,1.106430781768408,1.217130497186357,1.09603731200819,0.03088732150730933,-0.014398256908732199,-0.15840618533761375
2020-06-29,96.5999984741211,98.08000183105467,96.37000274658205,97.30999755859376,95.1754379272461,730800,FMC,1.0824169618275512,1.0648322803467942,1.24452852482618,1.0675591621777658,0.014857799649785397,-0.043483025686323895,-0.13675561018504312
2020-06-30,96.94000244140624,100.62000274658205,96.66000366210938,99.62000274658205,97.43476104736328,656200,FMC,1.0645453763140449,1.044374393203836,1.2337904821474392,1.0503414786147147,0.01420389769933017,-0.05413997654657754,-0.1493106840378906
2020-07-01,100.27999877929688,100.27999877929688,98.0500030517578,99.36000061035156,97.18047332763672,821600,FMC,1.0642109577763978,1.064489816362357,1.228899405926012,1.0614698745417157,0.00274108323468214,-0.0564523945192259,-0.15935633035893115
2020-07-02,100.93000030517578,101.86000061035156,99.83999633789062,101.13999938964844,98.92141723632812,816200,FMC,1.0632786429065697,1.0307637121208146,1.1902214806489797,1.0609433180919134,0.002335324814656259,-0.07587581909271979,-0.19376055240117473
2020-07-06,103.0999984741211,103.13999938964844,100.75,102.22000122070312,99.9777374267578,883200,FMC,1.046859644809231,1.044038811130591,1.2060588287095777,1.060100399776527,-0.013240754967295931,-0.07053233404388037,-0.175938404766959
2020-07-07,101.01000213623048,102.98999786376952,101.01000213623048,101.86000061035156,99.6256332397461,853300,FMC,1.0627331736831251,1.045559965664305,1.207054210131603,1.0770138498901505,-0.014280676207025333,-0.10195488990741208,-0.19499336575544013
2020-07-08,102.2300033569336,102.5500030517578,98.04000091552734,99.0500030517578,96.87727355957033,755100,FMC,1.1082280705042675,1.0950922743276088,1.239261490366358,1.077606770930481,0.030621299573786454,-0.04704677605036056,-0.15978621856466502
2020-07-09,99.93000030517578,99.93000030517578,96.0500030517578,97.88999938964844,95.74271392822266,763100,FMC,1.1273879132747144,1.11842988419411,1.236742629344414,1.1044879116126745,0.02290000166203998,-0.04895074146644096,-0.17206991776895242
2020-07-10,97.83999633789062,100.4499969482422,97.83999633789062,100.19000244140624,97.99227142333984,613500,FMC,1.0898292694909226,1.0872423114746657,1.1733238513760815,1.085711270031918,0.004117999459004595,-0.05487395572018583,-0.2236218916592847
2020-07-13,101.48999786376952,104.04000091552734,100.61000061035156,101.5999984741211,99.37133026123048,759100,FMC,1.0773621919232688,1.0815429090306885,1.146122408491678,1.102834219482497,-0.025472027559228172,-0.07000936382452538,-0.2760355470647333
2020-07-14,101.5999984741211,103.79000091552734,100.87999725341795,103.44000244140624,101.17098236083984,563800,FMC,1.0645784232984077,1.0588094142662186,1.1211527339881362,1.0836330203006346,-0.019054597002226892,-0.0807304067548471,-0.27242740979823155
2020-07-15,105.23999786376952,108.5500030517578,104.5,107.87000274658205,105.50379943847656,1367600,FMC,1.0161305625141646,1.0138369815470756,1.0699675614165836,1.0561175899815567,-0.03998702746739213,-0.09358352161330141,-0.2873724529800399
2020-07-16,107.08000183105467,108.37000274658205,105.6999969482422,106.18000030517578,103.85086059570312,675400,FMC,1.0265588152754128,1.0201382756609272,1.0737960202586847,1.0603047606893516,-0.03374594541393883,-0.07722367726463153,-0.28589143961201646
2020-07-17,107.0,107.83999633789062,106.11000061035156,106.47000122070312,104.13450622558594,674300,FMC,1.024795668115698,1.0106633996423795,1.0449187266166209,1.0508986066031938,-0.026102938487495786,-0.0874904641253964,-0.3198744204413402
2020-07-20,105.91999816894533,107.02999877929688,105.13999938964844,105.1500015258789,102.8434600830078,410800,FMC,1.0321445310639592,1.019339834767296,1.031374273010078,1.0499296408975316,-0.0177851098335724,-0.0752804502704818,-0.35621673021448497
2020-07-21,105.66000366210938,106.86000061035156,105.45999908447266,106.1999969482422,103.87042236328124,361000,FMC,1.0159133964777565,1.016353148083838,1.0353257819748705,1.035121986103813,-0.019208589626056538,-0.08162133929746918,-0.3122278020825653
2020-07-22,106.2300033569336,108.25,105.69000244140624,107.95999908447266,105.59181213378906,437700,FMC,0.9941646501875342,1.0024815518351344,1.0115352240188495,1.0249122036135947,-0.030747553426060503,-0.09331445635924585,-0.33437925505681565
2020-07-23,108.0,108.73999786376952,106.98999786376952,107.8000030517578,105.43533325195312,476500,FMC,1.0089053823477054,0.9814270580522476,1.0266945834979544,1.0429196811196053,-0.034014298771899876,-0.09148155678894587,-0.32052244906673066
2020-07-24,107.88999938964844,107.9499969482422,106.6999969482422,107.33999633789062,104.98541259765624,428400,FMC,1.011645236474329,0.9770265179372368,1.0437777348857409,1.0525520783774,-0.040906841903071145,-0.0940967238892263,-0.30301962302200014
2020-07-27,107.75,108.63999938964844,107.29000091552734,108.4499969482422,106.07107543945312,507600,FMC,1.0022129119665844,0.947211843128522,1.0288169818372337,1.0455465710339573,-0.043333659067372965,-0.08585941284955478,-0.3175477942472076
2020-07-28,107.8499984741211,108.52999877929688,106.37999725341795,106.4499969482422,104.1149444580078,331900,FMC,1.0278065070493254,0.9775541869397943,1.0796932324453483,1.0599717275601679,-0.032165220510842474,-0.07478522377732699,-0.2877314044514252
2020-07-29,106.87000274658205,108.58000183105467,106.51000213623048,108.31999969482422,105.94392395019533,458800,FMC,1.0076625262255223,0.95242758284759,1.072318781946096,1.0491737417135036,-0.04151121548798131,-0.07163398412053057,-0.28278932069732376
2020-07-30,106.56999969482422,106.81999969482422,104.43000030517578,105.33000183105467,103.0195083618164,615600,FMC,1.0145258381246856,1.0195997577718623,1.1168327893420211,1.0469317050835845,-0.03240586695889891,-0.030035978025013232,-0.265127119856863
2020-07-31,105.2699966430664,106.16999816894533,104.1500015258789,106.0500030517578,103.72372436523438,516700,FMC,1.0386609289873925,0.9908994859685084,1.1064926523006962,1.0584584032817186,-0.0197974742943261,-0.08575916031015163,-0.280700883420524
2020-08-03,106.98999786376952,107.12000274658205,105.70999908447266,105.73999786376952,103.42052459716795,791700,FMC,1.061660716452726,0.9958937806586018,1.029052781760366,1.0645312650354448,-0.002870548582718735,-0.07631108724303959,-0.34693403918454746
2020-08-04,105.41999816894533,108.0,104.58999633789062,107.54000091552734,105.1810302734375,875000,FMC,1.0175749266227427,1.019095713073744,1.0339593950162655,1.02982774469698,-0.01225281807423717,-0.07414758444184866,-0.3385878531048412
2020-08-05,109.26000213623048,111.70999908447266,106.91000366210938,107.01000213623048,104.66265869140624,973500,FMC,1.0137371536972686,1.0196388864428536,1.0147667240302476,1.0154342721529666,-0.0016971184556979768,-0.058554038759921934,-0.34996209486917396
2020-08-06,107.47000122070312,109.16999816894533,105.5,108.25,105.8754653930664,1337100,FMC,0.97588912951351,1.018904889989839,1.0128311620069856,0.9945470827091798,-0.018657953195669763,-0.09565432276795272,-0.3506076978828827
2020-08-07,107.9800033569336,109.83999633789062,107.02999877929688,109.7699966430664,107.36211395263672,657500,FMC,0.983055630309106,1.0003135977564792,0.980708088526806,1.000982312548244,-0.01792668223913796,-0.11141020241766708,-0.3666957906610202
2020-08-10,109.97000122070312,111.06999969482422,108.58999633789062,110.36000061035156,107.93917846679688,710600,FMC,0.9764407253592148,0.9900523077645124,0.9578289323205212,0.9799638681285405,-0.003523142769325749,-0.11267817618847153,-0.3632341865414205
2020-08-11,111.26000213623048,112.4499969482422,108.55999755859376,109.19000244140624,106.79484558105467,725100,FMC,0.99423017051091,0.9822680884315224,0.9720636379366092,0.9825449744444564,0.011685196066453574,-0.10642556678694237,-0.3699845282714882
2020-08-12,110.0,111.31999969482422,109.41000366210938,109.45999908447266,107.05891418457033,692000,FMC,1.0097752876088566,0.996266290661358,0.9673628066878812,0.9960166142981389,0.013758673310717673,-0.10904740909030641,-0.3628064407870857
2020-08-13,109.1500015258789,110.8499984741211,109.11000061035156,110.12000274658205,107.7044448852539,510900,FMC,1.0152561050877746,1.0212075664319644,0.959916447056135,1.000064240707307,0.015191864380467601,-0.10764648145735212,-0.37373710879430355
2020-08-14,109.73999786376952,110.27999877929688,108.97000122070312,109.61000061035156,107.20563507080078,446700,FMC,1.0096705320945425,1.0598555743283515,0.9657628278287748,1.0053594607430039,0.004311071351538631,-0.06870673800312055,-0.39638613207263085
2020-08-17,110.19000244140624,111.04000091552734,108.41000366210938,109.0,106.60901641845705,520100,FMC,1.0353210375929165,1.0619176056433275,0.942764413988607,0.9999107443895321,0.0354102932033844,-0.054527699078994685,-0.38725941839237177
2020-08-18,109.25,110.36000061035156,108.87999725341795,109.11000061035156,106.71659088134766,401100,FMC,1.0132893828421932,1.06130727474426,0.9398731315268276,0.9949555639278014,0.018333818914391786,-0.07088547790347288,-0.3931764186054949
2020-08-19,109.05999755859376,109.6500015258789,108.01000213623048,108.52999877929688,106.1493148803711,476100,FMC,0.980834822865734,1.052452911094591,0.9911696824951092,0.9768858377185573,0.003948985147176676,-0.08192907196437504,-0.3859646340433093
2020-08-20,107.47000122070312,108.30999755859376,107.12000274658205,107.88999938964844,105.52335357666016,336100,FMC,0.9968487090414778,1.0801956047494798,0.9863001338210532,0.9875636487882484,0.009285060253229394,-0.07867768442525769,-0.38538430704905846
2020-08-21,107.20999908447266,107.76000213623048,106.0999984741211,107.33000183105467,104.97564697265624,373200,FMC,0.9737259007826524,1.1062271900860563,0.972748530310404,0.9669804572148069,0.006745443567845566,-0.07636915258526389,-0.3887689291430265
2020-08-24,108.37000274658205,108.9800033569336,107.80999755859376,108.76000213623048,106.37427520751952,321100,FMC,0.956693647832208,1.077279138909288,0.9343671798173224,0.9519424952921356,0.004751152540072412,-0.08133899350798846,-0.3782623245554223
2020-08-25,109.5,109.5,107.43000030517578,108.58999633789062,106.20799255371094,525400,FMC,0.970807765650683,1.0696260599355183,0.9538464268171284,0.9667641278619097,0.004043637788773369,-0.09289513852113962,-0.38528950501249526
2020-08-26,108.25,109.04000091552734,107.31999969482422,108.69000244140624,106.30580139160156,371100,FMC,0.9781949737162682,1.0717831584601205,0.9562161244302846,0.9868389913626016,-0.00864401764633338,-0.07998296841405095,-0.40202893328816136
2020-08-27,109.33000183105467,110.22000122070312,108.98999786376952,109.41000366210938,107.01001739501952,442100,FMC,0.9665261349676106,1.09152947697126,0.9661456990961867,0.9747761958206699,-0.008250060853059238,-0.06170762474730407,-0.40247846836169576
2020-08-28,109.66000366210938,110.02999877929688,108.62000274658205,109.1500015258789,106.75572204589844,892700,FMC,0.9743483845774856,1.0870456894408975,0.982583043741566,0.9723584880428094,0.001989896534676183,-0.058023224483941815,-0.38913144867021254
2020-08-31,108.6999969482422,109.20999908447266,106.6999969482422,106.86000061035156,104.51595306396484,561700,FMC,0.9696689895661144,1.1124082833088125,1.0259113088692229,0.9888494144827736,-0.019180424916659278,-0.05252596503527318,-0.3705199204728076
2020-09-01,106.93000030517578,110.1500015258789,106.2699966430664,110.1500015258789,107.73377990722656,652100,FMC,0.9445354050830536,1.1093572625279355,1.0080864637208922,0.9864785207473181,-0.04194311566426456,-0.06706040193933704,-0.38418767254305863
2020-09-02,110.37000274658205,112.52999877929688,109.29000091552734,112.26000213623048,109.7975082397461,999600,FMC,0.9421673211441376,1.062923643384001,1.008632251294334,0.9904882601530863,-0.04832093900894874,-0.09314560335803801,-0.3739321213860396
2020-09-03,111.9000015258789,112.36000061035156,108.08000183105467,109.43000030517578,107.02957916259766,721300,FMC,0.9526768958314455,1.0991296981497989,1.0016331658918318,1.0106128675925516,-0.0579359717611061,-0.09448687656074806,-0.3960090526085749
2020-09-04,110.52999877929688,110.9000015258789,106.9800033569336,108.4800033569336,106.10042572021484,683200,FMC,0.983790945361602,1.1008870843353915,1.0167262118985718,1.0338377445022602,-0.05004679914065813,-0.0912169269363663,-0.3924778311389674
2020-09-08,107.0,107.61000061035156,104.86000061035156,105.63999938964844,103.32271575927734,716900,FMC,1.008147849231118,1.1184111900752545,1.0510283203921815,1.0699737825781188,-0.06182593334700082,-0.1062554733179657,-0.3641200679381458
2020-09-09,106.58999633789062,108.75,106.11000061035156,107.91000366210938,105.54293060302734,475400,FMC,1.005179155314878,1.083438348447486,1.0269563009176923,1.0585994508262604,-0.0534202955113825,-0.11912131318668129,-0.37456834863885313
2020-09-10,108.06999969482422,108.68000030517578,106.79000091552734,107.76000213623048,105.39620971679688,483100,FMC,1.015990164531566,1.0671482527189564,1.0322227556395127,1.0798213250395274,-0.06383116050796134,-0.14409699327859693,-0.38838943920867486
2020-09-11,108.6999969482422,109.29000091552734,107.73999786376952,108.55999755859376,106.17865753173828,415700,FMC,1.003415810348875,1.0636317368718038,1.003436360682498,1.0715698880496745,-0.0681540777007994,-0.1677188787861379,-0.3824707122615929
2020-09-14,109.87000274658205,110.91999816894533,109.38999938964844,110.52999877929688,108.1054458618164,375000,FMC,0.9941622898661128,1.039041830194606,0.999146482429952,1.0477727369997762,-0.053610447133663475,-0.1663712583807071,-0.33468835490947624
2020-09-15,110.93000030517578,112.58999633789062,110.8000030517578,111.8000030517578,109.34759521484376,681800,FMC,0.9796355225165234,1.0384657623478202,0.9998834808498334,1.0501396738132378,-0.07050415129671439,-0.17749783545959952,-0.36011146109720293
2020-09-16,112.4499969482422,112.62000274658205,110.56999969482422,110.66999816894533,108.24237060546876,571900,FMC,0.9881865388399852,1.0493413095317978,1.0367006438887518,1.041938601672908,-0.053752062832922776,-0.1551946074665742,-0.32958744072452006
2020-09-17,109.9800033569336,113.29000091552734,108.70999908447266,112.8499984741211,110.3745574951172,765700,FMC,0.9598429226653128,1.0261340730022102,1.0071121794725573,1.034780591985331,-0.07493766932001822,-0.18110369192042142,-0.34646715909160575
2020-09-18,112.62999725341795,113.7300033569336,109.9000015258789,110.55999755859376,108.1347885131836,1037700,FMC,0.9732754419656536,1.0324020070493811,1.01697985450677,1.04985344404155,-0.07657800207589627,-0.1928645180724533,-0.36222946217072605
2020-09-21,108.3000030517578,109.3000030517578,105.1999969482422,106.4499969482422,104.1149444580078,672700,FMC,1.006891336816606,1.0738664134550011,1.052344423361385,1.0669078702205033,-0.06001653340389734,-0.18624244156272796,-0.3649397729254711
2020-09-22,106.37000274658205,107.83000183105467,105.04000091552734,107.5500030517578,105.1908187866211,608000,FMC,1.0035954846578852,1.0683918146278268,1.0539170387590389,1.0737440264587381,-0.07014854180085295,-0.18389714398141255,-0.3725798022603357
2020-09-23,107.12000274658205,108.4000015258789,104.37999725341795,104.51000213623048,102.2175064086914,549700,FMC,1.0355745058555277,1.082366629936901,1.1030826357028995,1.1048641288809902,-0.06928962302546249,-0.19697962006414937,-0.36755741089820626
2020-09-24,103.80999755859376,105.2699966430664,102.62999725341795,104.0500030517578,101.76759338378906,728300,FMC,1.0167980344979437,1.087151756796409,1.0982258483132246,1.0795772912172472,-0.06277925671930351,-0.1821456186325745,-0.37826982309185064
2020-09-25,102.91000366210938,106.26000213623048,102.8000030517578,105.41999816894533,103.1075439453125,526200,FMC,0.9948208266787584,1.091294602424416,1.0714645856246972,1.0516507496657936,-0.056829922987035264,-0.16852543244121443,-0.37348891361164105
2020-09-28,106.87999725341795,107.98999786376952,106.05999755859376,106.31999969482422,103.98780059814452,609200,FMC,0.966188132566597,1.0901190758046526,1.0620136378219958,1.0001758008813186,-0.033987668314721664,-0.1459609873778227,-0.35592741694892527
2020-09-29,106.13999938964844,106.6999969482422,104.77999877929688,105.30999755859376,103.427978515625,400100,FMC,0.9840470764161164,1.078758606933701,1.0714970045392207,1.0177523484754358,-0.03370527205931939,-0.1435436732833153,-0.3626031916797672
2020-09-30,105.80999755859376,107.56999969482422,105.06999969482422,105.91000366210938,104.01726531982422,562000,FMC,0.97006891206976,1.1000511891408316,1.070378724094345,1.0045339769584258,-0.03446506488866585,-0.13353208446116693,-0.3571143458931585
2020-10-01,106.36000061035156,107.16000366210938,102.62000274658205,103.19000244140624,101.34587860107422,991800,FMC,1.0364374676245691,1.168755444210296,1.0824658543421226,1.0149206669190165,0.02151680070555262,-0.08618876226777705,-0.332629591616894
2020-10-02,101.6500015258789,105.12000274658205,101.41999816894533,103.61000061035156,101.75836944580078,793600,FMC,1.0100376579932646,1.1813679942520707,1.0823611435068172,1.0320563943288295,-0.022018736335564837,-0.08439011565213428,-0.3303335255848969
2020-10-05,104.62000274658205,106.3499984741211,104.56999969482422,105.33000183105467,103.44762420654295,808000,FMC,0.9956328918016384,1.1544491896836415,1.076943086212221,1.0169315507029277,-0.021298658901289347,-0.08818382201324138,-0.3167781187478962
2020-10-06,105.86000061035156,106.9800033569336,103.63999938964844,103.81999969482422,101.96460723876952,768600,FMC,1.0512425826084453,1.154698663382394,1.1039727401390456,1.0491302463111982,0.0021123362972470527,-0.09900135947981825,-0.30669051982681483
2020-10-07,105.4499969482422,106.86000061035156,105.33000183105467,106.27999877929688,104.3806381225586,554500,FMC,1.0223937952453477,1.1551858186225237,1.0706381279255548,1.0272682070512942,-0.004874411805946499,-0.08880312799772305,-0.30575306090319176
2020-10-08,106.9499969482422,107.62999725341795,105.91999816894533,106.05999755859376,104.1645736694336,457600,FMC,1.035640291307611,1.1544571806215735,1.0745706145414005,1.0483293009850092,-0.012689009677398166,-0.06595387915791351,-0.25900128136112066
2020-10-09,106.30999755859376,108.93000030517578,106.05999755859376,108.0199966430664,106.0895538330078,796800,FMC,1.0123125094837464,1.131650290499282,1.0724394244813336,1.0518465726367494,-0.03953406315300301,-0.09480081451158617,-0.2817859304287309
2020-10-12,108.11000061035156,109.54000091552734,107.73999786376952,109.02999877929688,107.08151245117188,936400,FMC,0.997982100672956,1.1057846779868146,1.0495540985400618,1.0451976788667212,-0.047215578193765206,-0.09989256262619706,-0.2889985431903279
2020-10-13,108.69000244140624,109.79000091552734,108.19000244140624,108.4800033569336,106.54134368896484,907000,FMC,0.9846052733245888,1.079174199709594,1.0775609762035927,1.0383629693531184,-0.053757696028529645,-0.14591437257675244,-0.2935597359385895
2020-10-14,108.52999877929688,111.08000183105467,108.5,109.43000030517578,107.47435760498048,433400,FMC,0.992415211346672,1.0597105292094862,1.084611928589718,1.0653468080457866,-0.07293159669911464,-0.17679488097156426,-0.30013575855500196
2020-10-15,107.70999908447266,109.48999786376952,107.36000061035156,109.06999969482422,107.12078857421876,542500,FMC,1.0267716987442643,1.058880586894973,1.0973464260908556,1.0811920070010825,-0.054420308256818206,-0.16351304365043728,-0.2819217332983672
2020-10-16,109.63999938964844,109.87000274658205,108.5500030517578,108.91000366210938,106.96365356445312,543500,FMC,1.0622532621394956,1.055364502273191,1.104144454255867,1.0838882900645634,-0.021635027925067885,-0.17069112377824758,-0.2785825816072063
2020-10-19,109.2300033569336,110.36000061035156,107.7699966430664,107.87000274658205,105.9422378540039,474800,FMC,1.0686010957319,1.052598501475689,1.1241396678294877,1.0856799388500433,-0.017078843118143228,-0.18626714810314904,-0.27848248181645396
2020-10-20,108.29000091552734,109.0,107.16000366210938,107.16000366210938,105.24493408203124,440400,FMC,1.076147704648696,1.0338939027438436,1.1128581312310326,1.0883390164590112,-0.012191311810315186,-0.194786016685917,-0.2676109985327386
2020-10-21,107.56999969482422,108.55999755859376,106.69000244140624,106.73999786376952,104.83243560791016,401000,FMC,1.0656735657118828,1.0118061100256417,1.1249851079978548,1.0914123806642604,-0.02573881495237762,-0.20761106383201589,-0.2667457699243072
2020-10-22,107.31999969482422,107.95999908447266,106.08000183105467,107.48999786376952,105.56903076171876,537500,FMC,1.0797282300451594,1.018667363727659,1.1169479771259156,1.094738791139384,-0.015010561094224606,-0.18520764414669366,-0.24714677210395397
2020-10-23,108.44000244140624,108.9000015258789,107.5,107.77999877929688,105.85384368896484,413400,FMC,1.097049582056258,1.0090312606422946,1.1400507766960553,1.1082827557993673,-0.011233173743109282,-0.17616558746496613,-0.21652389469299171
2020-10-26,106.3000030517578,106.38999938964844,103.8000030517578,105.36000061035156,103.47708892822266,502400,FMC,1.107441161947892,1.0461241872987947,1.1240210370178343,1.131753622338089,-0.024312460390196966,-0.18359301738304934,-0.26939932923537935
2020-10-27,105.69000244140624,106.6999969482422,104.37000274658205,104.44000244140624,102.5735321044922,716600,FMC,1.1075258332057718,1.0683207832367063,1.1627968365991252,1.148785200454681,-0.04125936724890922,-0.1825697931387842,-0.26631264604857874
2020-10-28,102.08000183105467,103.45999908447266,101.33000183105467,102.3000030517578,100.4717788696289,627500,FMC,1.134017620270943,1.0861529966086358,1.1669102304139627,1.1717206663972943,-0.037703046126351225,-0.2124088359129943,-0.29235779717058374
2020-10-29,101.73999786376952,104.55999755859376,101.61000061035156,103.62999725341795,101.77799987792967,585100,FMC,1.1476408306113697,1.1044842801249697,1.1400604606541738,1.1675292886158795,-0.01988845800450978,-0.19454211610472938,-0.2885935887046365
2020-10-30,103.33999633789062,103.69000244140624,100.86000061035156,102.73999786376952,100.90391540527344,900900,FMC,1.1500876552415686,1.1258795957379273,1.1284375742400503,1.1783167979264217,-0.028229142684853104,-0.19498834469153725,-0.27021427670384135
2020-11-02,104.62999725341795,107.62999725341795,103.77999877929688,106.9499969482422,105.03866577148438,895600,FMC,1.1068725128250123,1.095363921802652,1.0964657092710524,1.166155805005939,-0.05928329218092676,-0.21907516828582674,-0.2933267814779428
2020-11-03,107.2300033569336,109.1500015258789,104.01000213623048,104.6500015258789,102.77978515625,894000,FMC,1.162828380872523,1.1166547848384505,1.1390678668649314,1.1598423641651217,0.0029860167074013955,-0.16865916474096365,-0.24585396861553543
2020-11-04,105.33000183105467,107.3000030517578,102.5199966430664,104.87000274658205,102.99585723876952,724800,FMC,1.1331171041386836,1.0332957206338167,1.1388902695603136,1.152631411002053,-0.019514306863369413,-0.2492841388633824,-0.2483172898555781
2020-11-05,107.2699966430664,110.44000244140624,106.02999877929688,109.13999938964844,107.18953704833984,615100,FMC,1.0974894777746216,1.014585167763772,1.0874014656842672,1.1314046287997348,-0.03391515102511322,-0.2385991430966954,-0.2548165977865786
2020-11-06,109.08999633789062,109.63999938964844,107.8000030517578,108.66000366210938,106.7181167602539,395200,FMC,1.0945150820106468,0.995221678500706,1.081716461045184,1.1315347385080599,-0.03701965649741301,-0.2708369401944368,-0.2554016334887783
2020-11-09,113.9499969482422,115.91000366210938,109.7300033569336,109.83999633789062,107.87702941894533,804800,FMC,1.0711945083820271,0.9940389647330932,1.0680756210652336,1.0952501884521426,-0.024055680070115493,-0.2249905284803584,-0.2243217562006381
2020-11-10,109.93000030517578,110.76000213623048,108.41999816894533,109.3499984741211,107.39578247070312,986500,FMC,1.064746266493708,0.9804006370865652,1.0780267650238908,1.0839984978705262,-0.019252231376818196,-0.22962726635821262,-0.20938673953908227
2020-11-11,110.5,110.6500015258789,108.1999969482422,108.80999755859376,106.8654327392578,513600,FMC,1.0524767285311574,0.9674528555801764,1.082079073519037,1.0757014096148305,-0.02322468108367315,-0.22894407635238612,-0.2138127585482923
2020-11-12,107.86000061035156,109.08999633789062,106.33000183105467,106.80999755859376,104.9011688232422,501100,FMC,1.0765846672261008,0.9896113386812684,1.0911041378203854,1.1099785439559162,-0.03339387672981542,-0.2408938050471281,-0.22054740552288332
2020-11-13,107.51000213623048,109.25,107.16000366210938,108.5999984741211,106.65918731689452,441300,FMC,1.0531308474021486,0.9709881943769374,1.0717268693142572,1.0836109391783006,-0.030480091776152074,-0.22704847570526865,-0.22327661878677163
2020-11-16,110.44000244140624,113.04000091552734,110.33999633789062,111.98999786376952,109.98859405517578,537700,FMC,1.0324137225421697,0.9399817222369622,1.0468501726329515,1.0745618956570646,-0.04214817311489494,-0.23474828575007267,-0.2300052235667136
2020-11-17,111.8000030517578,116.05999755859376,111.20999908447266,115.69000244140624,113.62248992919922,1227900,FMC,0.9996541264739496,0.911221161846316,1.0172926690994872,1.0716898328073001,-0.07203570633335055,-0.2839194689918474,-0.2571233659553156
2020-11-18,116.0,116.79000091552734,114.4800033569336,115.2699966430664,113.20999145507812,687800,FMC,1.0004337318868417,0.8877943156592307,1.0351737960166214,1.0797196178315844,-0.07928588594474273,-0.2858860583961149,-0.26191936722036613
2020-11-19,114.61000061035156,115.58000183105467,113.12999725341795,115.31999969482422,113.25909423828124,367000,FMC,0.9856919079539804,0.8855805984683427,1.0293899749789428,1.0747387601086344,-0.08904685215465402,-0.27355347828965004,-0.25892889655856854
2020-11-20,115.43000030517578,115.43000030517578,113.37000274658205,113.75,111.71715545654295,588600,FMC,1.0007911634993152,0.9417710493709928,1.044927842952304,1.0823666585670508,-0.08157549506773565,-0.2510197671077816,-0.23881306498493982
2020-11-23,114.81999969482422,116.9800033569336,114.80999755859376,116.05999755859376,113.9858627319336,394000,FMC,0.98595568846925,0.913075492516744,1.0284752269942716,1.0655008807234643,-0.0795451922542143,-0.24872955458740564,-0.2374409857278681
2020-11-24,117.0,119.2699966430664,115.7300033569336,118.23999786376952,116.12691497802734,454500,FMC,0.9527233023719158,0.8793388365682199,1.0107072557121295,1.0462667827802716,-0.0935434804083558,-0.2515821264595449,-0.23781012228741294
2020-11-25,117.94000244140624,118.3000030517578,116.0999984741211,116.68000030517578,114.59478759765624,489500,FMC,0.9654611719389558,0.8673398992607807,1.029838880630363,1.0403610731589388,-0.07489990121998302,-0.2447050654447126,-0.22980342853326197
2020-11-27,117.05999755859376,117.38999938964844,114.9000015258789,115.66999816894533,113.60283660888672,238200,FMC,0.9904744417971314,0.891756906964879,1.0315941053922153,1.0432249427155542,-0.052750500918422816,-0.23913483247503042,-0.21572918477421021
2020-11-30,115.6999969482422,116.3499984741211,114.1500015258789,116.01000213623048,113.936767578125,865400,FMC,0.9949297974008162,0.8921731199845719,1.0311788197606522,1.057318771652863,-0.0623889742520467,-0.2603930424115828,-0.22675793325598037
2020-12-01,117.4800033569336,119.20999908447266,116.5500030517578,118.93000030517578,116.8045883178711,679400,FMC,0.9552178011864418,0.8851301952715156,1.012730137556891,1.0299227666019029,-0.07470496541546101,-0.26893429123843826,-0.2418916509272191
2020-12-02,118.5,120.20999908447266,117.66000366210938,118.16000366210938,116.04834747314452,706600,FMC,0.9860055649024184,0.9039022492669464,1.011135458755353,1.0415781929012056,-0.05557262799878715,-0.2595802261128126,-0.23342917829379606
2020-12-03,119.01000213623048,120.68000030517578,117.75,118.37999725341795,116.26441192626952,621600,FMC,1.0187859328647946,0.9222435002171074,1.0118123822881135,1.0581536374396452,-0.039367704574850615,-0.24870251662538956,-0.22063437566088218
2020-12-04,118.6500015258789,122.29000091552734,118.54000091552734,121.69000244140624,119.51525115966795,608000,FMC,1.005847200621662,0.9087121865716428,0.9730190730313104,1.055411022203609,-0.04956382158194694,-0.25022679970801964,-0.23177042728431618
2020-12-07,121.11000061035156,121.5,118.23999786376952,118.83000183105467,116.70636749267578,423300,FMC,1.0232948596179745,0.9489225849593288,1.0015301756162036,1.0603009546150792,-0.03700609499710472,-0.22539870234211445,-0.19469258820134105
2020-12-08,118.3000030517578,119.81999969482422,118.06999969482422,119.77999877929688,117.63938903808594,338400,FMC,1.0008416114163936,0.9112966081963886,0.9434022970018606,1.0554288643752259,-0.054587252958832266,-0.24363682008353715,-0.22861694830515622
2020-12-09,120.29000091552734,120.9499969482422,118.36000061035156,118.93000030517578,116.8045883178711,598600,FMC,1.032314180756379,0.9235517669029356,0.967953621373902,1.0711936781318203,-0.038879497375441385,-0.24374614622154533,-0.23213734430507182
2020-12-10,118.3000030517578,119.18000030517578,116.06999969482422,117.66000366210938,115.55728149414062,646500,FMC,1.040640091945742,0.9397512558162628,0.9822589296254326,1.062316503263218,-0.021676411317476107,-0.20319083032110563,-0.2168638975302063
2020-12-11,116.8499984741211,118.22000122070312,115.94000244140624,116.43000030517578,114.34925842285156,816800,FMC,1.0499086401601925,0.9478677788997134,0.9893440653067064,1.073775639924845,-0.023866999764652563,-0.2023568195461265,-0.21575601409481837
2020-12-14,117.98999786376952,118.36000061035156,114.44000244140624,114.5199966430664,112.47338104248048,544900,FMC,1.052774395742916,0.9672721226966748,0.9938672283772656,1.0697624410001334,-0.01698804525721731,-0.18871809873351164,-0.22759079355133505
2020-12-15,115.88999938964844,116.11000061035156,113.58000183105467,114.98999786376952,112.93498992919922,554900,FMC,1.0180783598033183,0.9434058103922854,0.9824373598853986,1.0593177594136232,-0.04123939961030487,-0.16768533857474022,-0.2286320337468093
2020-12-16,115.69000244140624,115.77999877929688,113.36000061035156,114.37000274658205,112.32608032226562,574500,FMC,1.0139382416555978,0.9616037135317432,0.97083143944591,1.0685424132795076,-0.05460417162390985,-0.13886410445184727,-0.2368515583157932
2020-12-17,114.94000244140624,115.94000244140624,113.94000244140624,115.62000274658205,113.5537338256836,455300,FMC,0.9988938245592582,0.962846843009289,0.955253980609008,1.0520021356846316,-0.0531083111253734,-0.14560025540042665,-0.23811163058554718
2020-12-18,115.73999786376952,116.5500030517578,113.68000030517578,115.6500015258789,113.58319091796876,1233400,FMC,0.9938587047347398,0.9879537138886813,0.9477361526147706,1.0541479277304717,-0.06028922299573192,-0.14071135771691756,-0.24879588009033904
2020-12-21,113.45999908447266,115.83000183105467,113.3000030517578,115.31999969482422,113.25909423828124,461600,FMC,0.9845976745451834,0.9814625651460928,0.9534348582184984,1.057296658195766,-0.07269898365058247,-0.1389270306462732,-0.2546986206596795
2020-12-22,115.25,115.76000213623048,113.52999877929688,113.66999816894533,111.6385726928711,426700,FMC,0.9746818954900368,0.9850618727614762,0.9671855299889814,1.051384072668894,-0.0767021771788573,-0.1403330143019772,-0.23835323746098946
2020-12-23,114.19000244140624,115.33000183105467,113.73999786376952,113.83999633789062,111.8055419921875,355800,FMC,0.9487016205723046,0.9799584102603855,0.9495461349410588,1.0287074732832335,-0.08000585271092897,-0.13763666836983712,-0.2367835465883481
2020-12-24,113.5,114.72000122070312,113.5,114.43000030517578,112.385009765625,176600,FMC,0.9568867456753756,0.9864518094667076,0.935620637630912,1.0314131762138377,-0.07452643053846209,-0.14686341314836948,-0.24971535657513244
2020-12-28,115.20999908447266,115.20999908447266,112.5500030517578,112.6500015258789,110.6368179321289,355300,FMC,0.96540952042594,1.019139545873847,0.9474370351695276,1.0230201952264786,-0.05761067480053861,-0.12342037571695164,-0.22748703748327603
2020-12-29,113.58000183105467,113.76000213623048,111.4800033569336,112.6500015258789,110.6368179321289,403700,FMC,0.9784255149627392,1.010186334564227,0.9681195366871408,1.0446043805401628,-0.06617886557742358,-0.1447525130988203,-0.23773829228470011
2020-12-30,112.5199966430664,114.5500030517578,112.5199966430664,114.08000183105467,112.5207061767578,348800,FMC,0.9738779632709204,0.981828906002408,0.9617250487072624,1.043669894425415,-0.06979193115449467,-0.1574054059859159,-0.23619541203188943
2020-12-31,114.26000213623048,115.36000061035156,113.4000015258789,114.93000030517578,113.3590850830078,511000,FMC,0.9626729398348468,0.974218011035252,0.9398679597975584,1.045383884821216,-0.08271094498636922,-0.16481363541623917,-0.2386592150920771
2021-01-04,115.70999908447266,116.3499984741211,112.4800033569336,113.12000274658205,111.57382202148438,585800,FMC,1.0075141183752634,0.9932685567023,0.9559766124706685,1.0757807590012936,-0.06826664062603016,-0.17035616658610253,-0.23528349088191358
2021-01-05,112.51000213623048,117.30999755859376,112.38999938964844,116.01000213623048,114.42431640625,626600,FMC,0.992845428776868,0.9730262870133694,0.9308574363854384,1.0714255300260027,-0.07858010124913473,-0.1766490873355272,-0.2419205097394138
2021-01-06,117.54000091552734,121.9000015258789,116.9499969482422,120.08999633789062,118.44854736328124,816100,FMC,0.9713547987000308,0.9261696787847028,0.8831053568861331,1.0611421164765942,-0.08978731777656335,-0.19590603652687444,-0.2522310902248843
2021-01-07,120.93000030517578,123.5999984741211,119.75,121.87999725341795,120.21408081054688,719500,FMC,0.9547096155920972,0.9161930480367082,0.8533353430604124,1.0481129547606707,-0.09340333916857346,-0.19507171652387667,-0.2503240233590417
2021-01-08,122.5,122.66000366210938,119.3499984741211,121.08000183105467,119.4250259399414,581500,FMC,0.8911463714594715,0.9328631314708096,0.8608894482605782,1.0484575021625253,-0.1573111307030538,-0.18573874896475662,-0.26843200443127824
2021-01-11,119.72000122070312,120.4000015258789,118.37999725341795,119.37000274658205,117.73839569091795,569400,FMC,0.9236826592593012,0.9560699905075148,0.8894458841823467,1.0505801982022727,-0.1268975389429715,-0.1654673693375842,-0.25062308167642233
2021-01-12,119.16000366210938,122.26000213623048,118.72000122070312,122.25,120.57903289794922,722500,FMC,0.8808180057179791,0.9268103110910888,0.8736076069305424,1.0463067685815588,-0.16548876286357972,-0.17767415736477665,-0.24962844889860636
2021-01-13,122.66999816894533,123.66000366210938,120.80999755859376,121.91999816894533,120.2535400390625,614700,FMC,0.8917323399149543,0.9308016205181718,0.8798606536076425,1.0474268478686666,-0.1556945079537123,-0.16338341675779178,-0.2539617792892426
2021-01-14,122.13999938964844,122.91999816894533,120.83999633789062,121.72000122070312,120.0562744140625,548900,FMC,0.8770128347607171,0.94767741720649,0.8836266434909573,1.0370807891473377,-0.16006795438662058,-0.1543213944195615,-0.2442327958149294
2021-01-15,120.91000366210938,120.91000366210938,117.95999908447266,120.0500030517578,118.40909576416016,657300,FMC,0.8731362012283798,0.9491487080928578,0.8925578975983235,1.0379703062726533,-0.16483410504427354,-0.15731645723238308,-0.24037509827452452
2021-01-19,114.97000122070312,117.62000274658205,113.16000366210938,116.56999969482422,114.97666931152344,1342300,FMC,0.9028908797760246,0.9985051315103388,0.9245684635568076,1.0431767404393268,-0.1402858606633023,-0.11558253193361034,-0.20483425094261232
2021-01-20,116.6999969482422,116.6999969482422,114.86000061035156,115.47000122070312,113.89170837402344,944900,FMC,0.9093270544896326,1.0234983032572182,0.9339876021016592,1.0311275448261352,-0.12180049033650264,-0.08867506499829236,-0.19455958208985324
2021-01-21,115.95999908447266,117.36000061035156,114.5,115.0,113.4281234741211,1047600,FMC,0.9114782551259812,1.0363268905596603,0.9380679723507728,1.0380301751047352,-0.12655191997875392,-0.08454929363939478,-0.1931299119806149
2021-01-22,114.12000274658205,115.72000122070312,113.47000122070312,114.4499969482422,112.8856430053711,811300,FMC,0.9171690440761368,1.0462209519816206,0.9394912743162122,1.0546006276654674,-0.1374315835893306,-0.07447607889306673,-0.18989056545883776
2021-01-25,113.44000244140624,114.02999877929688,109.5999984741211,113.05999755859376,111.51464080810548,761900,FMC,0.9012914013918704,1.0679662437800377,0.9526476578063052,1.0270231116838735,-0.12573171029200314,-0.05753874731414044,-0.18461789973383036
2021-01-26,114.20999908447266,114.73999786376952,110.16999816894533,110.31999969482422,108.81209564208984,740600,FMC,0.9217730424697586,1.0763755625965357,0.9017914393265172,1.0299643010441049,-0.1081912585743463,-0.045461471027288036,-0.23358483517683593
2021-01-27,108.68000030517578,109.5,106.06999969482422,107.54000091552734,106.07009887695312,990800,FMC,0.9919099146791802,1.1118583855649429,0.8744540316281156,1.0834518832758422,-0.09154196859666197,-0.043082228717358895,-0.300803679775807
2021-01-28,109.05999755859376,109.93000030517578,107.58999633789062,109.02999877929688,107.53972625732422,807100,FMC,0.96780698050938,1.0964795937298053,0.8817466377618248,1.0617555757592423,-0.09394859524986232,-0.03979563508633577,-0.28253205704144646
2021-01-29,108.13999938964844,110.23999786376952,107.08999633789062,108.29000091552734,106.8098373413086,1503100,FMC,0.9560440204091794,1.129846835439331,0.8937333939342901,1.0699322973380807,-0.11388827692890136,-0.026657385031659375,-0.28882025326914895
2021-02-01,109.63999938964844,110.55999755859376,108.1999969482422,109.75,108.24988555908205,967100,FMC,0.9181777053843988,1.074462335031348,0.8777083233927914,1.0315574884075709,-0.11337978302317209,-0.06437977062896638,-0.288967307368055
2021-02-02,110.91999816894533,112.58999633789062,109.16999816894533,111.0999984741211,109.58143615722656,938900,FMC,0.9244824465653484,1.0884341621401237,0.8733075505230153,1.0393553331681484,-0.11487288660280004,-0.04845101382506978,-0.2858580052845435
2021-02-03,111.47000122070312,112.48999786376952,109.9499969482422,110.63999938964844,109.12772369384766,993800,FMC,0.9314894324774012,1.074351619023729,0.8658160549775304,1.0396059646408131,-0.10811653216341188,-0.04801432944328199,-0.2887792503650377
2021-02-04,110.91000366210938,114.08000183105467,110.16999816894533,113.97000122070312,112.41220092773438,823700,FMC,0.919715717806024,1.0322106716857746,0.8347657256382002,1.0350444874140108,-0.11532876960798677,-0.06634626538582733,-0.30499317434942497
2021-02-05,115.1500015258789,117.12999725341795,114.6999969482422,115.18000030517578,113.60565948486328,808500,FMC,0.9233374708648542,1.0022719822899413,0.8126851303591056,1.0366248108476028,-0.11328733998274865,-0.05902121229614776,-0.3145650836147571
2021-02-08,115.9000015258789,116.76000213623048,115.16999816894533,116.6500015258789,115.0555648803711,621100,FMC,0.9319331778263186,1.0010058643036073,0.796390890711441,1.0368884708904245,-0.10495529306410589,-0.06110288376994499,-0.30707370460454175
2021-02-09,116.8499984741211,117.9000015258789,115.55999755859376,116.36000061035156,114.76953887939452,673900,FMC,0.9462873709381056,1.020071630311174,0.791874173581422,1.0434986931592627,-0.09721132222115714,-0.06084764673216814,-0.30047063503182747
2021-02-10,112.11000061035156,113.76000213623048,106.1500015258789,107.9000015258789,106.42517852783205,2358000,FMC,1.0405931139067943,1.1021919928805337,0.8277867351773317,1.0526013459758607,-0.012008232069066427,0.024065556866064153,-0.25528226430620704
2021-02-11,109.0500030517578,110.4800033569336,107.6999969482422,110.26000213623048,108.75291442871094,1220700,FMC,0.9857609497994384,1.071769527324146,0.8029332850303295,1.0387619607072216,-0.0530010109077832,0.0033478933213431095,-0.28771047314133824
2021-02-12,110.0500030517578,110.7300033569336,107.22000122070312,107.68000030517578,106.20818328857422,1766700,FMC,1.0156946534923448,1.0869100667851024,0.834536283129009,1.037978242018038,-0.02228358852569312,0.03196008383116933,-0.2595913753861919
2021-02-16,108.9499969482422,109.77999877929688,108.0999984741211,108.72000122070312,107.23397064208984,1512600,FMC,1.0126930836617547,1.0744806380422118,0.8419542963326972,1.023482203476065,-0.010789119814310189,0.010325133665298969,-0.2630860803887184
2021-02-17,107.7699966430664,108.48999786376952,106.66999816894533,106.75,105.2908935546875,1128300,FMC,1.02941454802833,1.0995777891652938,0.877807323808784,1.0274034553097127,0.0020110927186174354,0.030021670238447706,-0.23714196432166101
2021-02-18,106.06999969482422,107.08000183105467,104.5500030517578,104.81999969482422,103.38726806640624,1144600,FMC,1.0522801120729304,1.1184824844721966,0.9007060346644453,1.0353108010217529,0.016969311051177494,0.033506450233812934,-0.2149704456826449
2021-02-19,105.04000091552734,106.6500015258789,104.69000244140624,105.25,103.81138610839844,1251100,FMC,1.0263183037027317,1.1025582419804971,0.8919469181729147,1.0023245570248156,0.023993746677916095,0.035461956775655556,-0.22595300886097291
2021-02-22,104.91999816894533,105.94000244140624,104.05999755859376,105.0,103.56481170654295,1276200,FMC,1.0429524679716238,1.1037486094276991,0.8964720993790761,0.9953240943772406,0.04762837359438321,0.02626783944227684,-0.2235815774921478
2021-02-23,105.08000183105467,105.08000183105467,102.91999816894533,104.81999969482422,103.38726806640624,962200,FMC,1.0575272581508794,1.113692051523794,0.9009946443024576,1.0085864922223067,0.04894076592857277,0.030703873085988986,-0.21721992882681052
2021-02-24,105.0500030517578,106.29000091552734,104.58000183105467,104.97000122070312,103.53521728515624,1158500,FMC,1.083833484346418,1.1164058866216948,0.9070101560966352,1.0099883968047432,0.07384508754167474,0.05077216481863811,-0.19650635999553334
2021-02-25,104.66999816894533,105.20999908447266,101.62999725341795,101.9000015258789,100.50718688964844,766600,FMC,1.1059861945919736,1.166006334753286,0.9568061402442052,1.0266826115313998,0.07930358306057372,0.0659142908151531,-0.18461105431444946
2021-02-26,102.06999969482422,102.5500030517578,101.20999908447266,101.69000244140624,100.30005645751952,1993500,FMC,1.0964191384661306,1.1623899357769647,0.9450936441094072,1.0374166001615297,0.05900253830460089,0.05692785859082772,-0.1982765535639105
2021-03-01,102.91000366210938,108.05999755859376,102.91000366210938,106.66999816894533,105.21198272705078,1436500,FMC,1.0413716988226185,1.1095348956099358,0.9044697576456572,1.0135972394008281,0.027774459421790354,0.0353715223072244,-0.20149072922139732
2021-03-02,106.86000061035156,108.86000061035156,105.27999877929688,105.5199966430664,104.07769775390624,1177900,FMC,1.065188783310433,1.1263857538870603,0.9267538465959304,1.0361647740865512,0.02902400922388182,0.03797916065655782,-0.18611485441331688
2021-03-03,105.25,105.87999725341795,103.48999786376952,103.52999877929688,102.11490631103516,768000,FMC,1.104190959553301,1.149394537896903,0.94992590257094,1.054357280092723,0.04983367946057804,0.04892689305469866,-0.17278072373946707
2021-03-04,103.1999969482422,103.5,98.7699966430664,100.7699966430664,99.39263153076172,1312300,FMC,1.124467677869224,1.187353287342226,0.9821495777692132,1.0789141676317748,0.045553510237449135,0.059154450809471015,-0.15360709169763342
2021-03-05,101.87000274658205,102.98999786376952,98.16000366210938,102.70999908447266,101.30611419677734,998200,FMC,1.0905174156967012,1.1568108946902091,0.967526798231262,1.0513678997204563,0.03914951597624494,0.05720574313427407,-0.15011037863171628
2021-03-08,103.1999969482422,105.79000091552734,102.81999969482422,103.05999755859376,101.6513214111328,884100,FMC,1.0864242674788174,1.1558057474075032,0.9478963784827004,1.053835017954231,0.032589249524586306,0.05726846191223056,-0.1596079174753855
2021-03-09,103.83000183105467,105.86000061035156,103.13999938964844,104.81999969482422,103.38726806640624,1216100,FMC,1.071918924232111,1.1441595179636073,0.940833622115158,1.047243962582535,0.024674961649576055,0.05107987595078556,-0.16436212704036268
2021-03-10,105.81999969482422,107.93000030517578,104.94000244140624,106.3499984741211,104.8963623046875,757000,FMC,1.0614082823331716,1.1186336349703423,0.923504557721244,1.039672854637922,0.02173542769524972,0.03988557619931887,-0.1717986812261758
2021-03-11,107.2300033569336,109.5,107.2300033569336,108.70999908447266,107.2240982055664,1300100,FMC,1.0231231122470723,1.0971206433549496,0.8832287598822748,1.0256622421362138,-0.0025391298891415115,0.0363258477810382,-0.18909673462842913
2021-03-12,108.3499984741211,110.70999908447266,108.3499984741211,110.11000061035156,108.60496520996094,1171000,FMC,1.014127714159467,1.070767056291258,0.8658612145918496,1.0207674438038497,-0.0066397296443827525,0.021942408525007506,-0.184153289761132
2021-03-15,110.0,112.44000244140624,109.5199966430664,112.27999877929688,110.74530792236328,1104600,FMC,1.005976738557783,1.0554392860816244,0.8382568723089743,1.017237660715961,-0.011260922158178088,0.028189227569219932,-0.1982853260125983
2021-03-16,112.1500015258789,112.2300033569336,108.48999786376952,108.69000244140624,107.20437622070312,756500,FMC,1.0500144753311609,1.0352307783401222,0.8727189255062736,1.0317473901389642,0.018267085192196664,0.012460466975016793,-0.18622837412178617
2021-03-17,108.26000213623048,110.16999816894533,107.93000030517578,109.37000274658205,107.87508392333984,601400,FMC,1.0359564686005485,1.0480772773786842,0.8714429456462908,1.0204048792069982,0.01555158939355028,0.011741341248327153,-0.19657191789352157
2021-03-18,109.3000030517578,111.95999908447266,108.75,110.0999984741211,108.59510040283205,743600,FMC,1.0307296510265684,1.0452328991805897,0.8624585730126303,1.026141003020234,0.004588648006334406,-0.010728059015077562,-0.22046243592774306
2021-03-19,110.5,110.91000366210938,108.66000366210938,109.88999938964844,108.38797760009766,1238100,FMC,1.049697785449314,1.0437574599857573,0.8760393475468389,1.039291194415156,0.010406591034157975,-0.010655662258215681,-0.20744867245574494
2021-03-22,109.97000122070312,110.68000030517578,108.56999969482422,110.3000030517578,108.79236602783205,828400,FMC,1.03304895715058,1.0274949572685357,0.8587000100212957,1.0344112053404404,-0.0013622481898603045,-0.033710002972959785,-0.20483221952202457
2021-03-23,109.62999725341795,110.37000274658205,107.4800033569336,108.0199966430664,106.54352569580078,902200,FMC,1.0775389078010231,1.0413730221535134,0.8751352769194534,1.0693935085724937,0.008145399228529415,-0.050752324485999534,-0.2101664533678771
2021-03-24,108.3000030517578,111.0500030517578,108.3000030517578,109.51000213623048,108.01317596435548,751100,FMC,1.0792013958958722,1.0095961837338123,0.8476743391825522,1.0856410250000772,-0.006439629104205036,-0.0867075589769124,-0.23353882771471846
2021-03-25,109.06999969482422,111.58000183105467,108.22000122070312,110.8499984741211,109.33485412597656,741100,FMC,1.075124812134588,0.9921141535069584,0.8437382638633125,1.0730788964453475,0.0020459156892405073,-0.08884637831032638,-0.23594926037916808
2021-03-26,111.7699966430664,113.91000366210938,111.3000030517578,113.7699966430664,112.21493530273438,667400,FMC,1.0524742056083407,0.9592920592245052,0.8098743452307944,1.054404908622988,-0.0019307030146473725,-0.10356596836592658,-0.24155011900631052
2021-03-29,113.41000366210938,113.98999786376952,111.93000030517578,112.6999969482422,111.15956115722656,1009600,FMC,1.0713776739534215,0.9714429180256892,0.8345660569121036,1.0689163053254425,0.002461368627979077,-0.10909741861081668,-0.2363354701903615
2021-03-30,111.98999786376952,112.5999984741211,110.27999877929688,111.0199966430664,109.9709014892578,690300,FMC,1.0650333777204082,0.9818525685880206,0.8146700183833809,1.0517320513246777,0.01330132639573045,-0.09321751327909644,-0.251482282596888
2021-03-31,111.0199966430664,111.48999786376952,109.62000274658205,110.61000061035156,109.56478118896484,807700,FMC,1.076394509387485,0.9689657489533192,0.8202453541305805,1.0518071453770457,0.02458736401043926,-0.09515259556261269,-0.25442444383809315
2021-04-01,111.38999938964844,112.36000061035156,109.9499969482422,111.91999816894533,110.86239624023438,660600,FMC,1.063616874209791,0.948470699381376,0.8034284186119619,1.0320601759921184,0.031556698217672485,-0.10053993415805984,-0.25194865709624226
2021-04-05,112.69000244140624,114.16999816894533,112.13999938964844,113.83000183105467,112.75435638427734,708400,FMC,1.070280214296845,0.929644069848316,0.782674859135693,1.0244191200348804,0.04586109426196461,-0.1015553950276894,-0.2601872980125305
2021-04-06,113.37000274658205,114.22000122070312,112.5500030517578,112.83000183105467,111.76380157470705,784300,FMC,1.0406806422644932,0.9583573877038905,0.7856747562393742,1.0223156584391035,0.018364983825389647,-0.08740840414282891,-0.2583418771276105
2021-04-07,112.98999786376952,113.16000366210938,111.23999786376952,111.52999877929688,110.47608184814452,610900,FMC,1.079619920028016,0.9795240727052944,0.8001732143921396,1.0394801739198338,0.04013974610818227,-0.07317523732671483,-0.2547320635749639
2021-04-08,111.58000183105467,112.12999725341795,110.8499984741211,111.48999786376952,110.43646240234376,652600,FMC,1.061619904155597,0.9647408990096666,0.828802342887745,1.0265241325526298,0.035095771602967174,-0.07071298311784924,-0.239280364244555
2021-04-09,112.01000213623048,112.22000122070312,111.04000091552734,111.87999725341795,110.82276916503906,580200,FMC,1.0470147452505416,0.9624553259236932,0.8342148246680623,1.0133233400901354,0.03369140516040625,-0.0623376514337608,-0.23094665448611384
2021-04-12,112.2699966430664,113.16000366210938,111.69000244140624,112.4000015258789,111.3378677368164,789900,FMC,1.0226868166759255,0.9566621671061272,0.8267627620581722,0.984967369755618,0.03771944692030749,-0.06309436751181174,-0.23878243071382432
2021-04-13,112.16000366210938,112.73999786376952,110.30999755859376,110.75,109.70345306396484,618900,FMC,1.049842023649544,0.9535027728881412,0.8402652581175211,0.997144067833035,0.052697955816509046,-0.05735189078466363,-0.2294771101131846
2021-04-14,110.56999969482422,111.98999786376952,110.56999969482422,111.19000244140624,110.1393051147461,591800,FMC,1.0629552321289448,0.9313925104419944,0.843749651483263,1.014155644047748,0.04879958808119689,-0.062226174860964045,-0.2312253169262124
2021-04-15,112.06999969482422,112.77999877929688,111.77999877929688,112.47000122070312,111.4072036743164,611800,FMC,1.052903005780228,0.9228464704176343,0.8405201486197612,1.005262083611982,0.04764092216824589,-0.08574228724641897,-0.22842872659496305
2021-04-16,113.62999725341795,115.08000183105467,112.87000274658205,113.63999938964844,112.56614685058594,755400,FMC,1.0354628185603216,0.9303146140066568,0.8259143963069674,0.9951551066507538,0.040307711909567834,-0.08554945021715443,-0.24060468452411976
