Date,Open,High,Low,Close,Adj Close,Volume,ticker,PriceReturn_22days,PriceReturn_66days,PriceReturn_132days,PriceReturn_22days_mean,AdjRet22Day,AdjRet66Day,AdjRet132Day
2017-09-29,33.91999816894531,34.22999954223633,33.72999954223633,34.209999084472656,30.897724151611328,442100,JBGS,0.9123064284358848,0.9975832298000914,1.0153601641946883,1.0206479989635429,-0.10834157052765803,-0.09267715892235462,-0.07393303479651459
2017-10-02,34.150001525878906,34.380001068115234,34.0099983215332,34.150001525878906,30.84353256225586,638000,JBGS,0.9180087384160702,0.9996326733698212,1.0097240140217356,1.012478214064533,-0.09446947564846275,-0.08907488239157846,-0.07940686445519818
2017-10-03,34.11000061035156,34.20000076293945,33.470001220703125,33.95000076293945,30.662891387939453,763800,JBGS,0.930191651178955,1.0076116312662715,1.02164350424908,1.0113391723313174,-0.08114752115236246,-0.08235174373863052,-0.06015713797149225
2017-10-04,34.04999923706055,34.04999923706055,33.060001373291016,33.22999954223633,30.01261329650879,890100,JBGS,0.9494433295734108,1.0227329678143722,1.0440843880934103,1.0126829906128405,-0.06323966103942968,-0.06575071920719422,-0.04587497850325373
2017-10-05,33.02000045776367,33.380001068115234,32.95000076293945,33.349998474121094,30.12098693847656,1035400,JBGS,0.9547227874847584,1.0138867781251253,1.0439747235194978,1.0121464877707815,-0.05742370028602317,-0.06891369755798737,-0.053947025251761316
2017-10-06,33.0,33.18000030517578,32.81999969482422,32.91999816894531,29.73262405395508,3159000,JBGS,0.9814703930305356,1.033287577257481,1.0545322058153537,1.0081446760609294,-0.026674283030393764,-0.06165564556955516,-0.04604086062040991
2017-10-09,32.849998474121094,33.099998474121094,32.58000183105469,32.65999984741211,29.497800827026367,876500,JBGS,0.9981626660333366,1.0415132726121883,1.0629270233450367,1.0143616235707735,-0.016198957537436942,-0.062202152340464334,-0.03555512283166018
2017-10-10,32.7599983215332,32.970001220703125,32.68000030517578,32.880001068115234,29.696502685546875,1133500,JBGS,0.9902676511543066,1.0308451384499973,1.0678374156685626,1.008797349947511,-0.01852969879320432,-0.06200553769394834,-0.02145989702539297
2017-10-11,32.880001068115234,33.08000183105469,32.849998474121094,32.90999984741211,29.723596572875977,864600,JBGS,0.9924034850460978,1.0243618903696003,1.0708676519894955,1.0091988628593096,-0.01679537781321183,-0.07687031737310601,-0.017229398203498114
2017-10-12,32.93000030517578,33.040000915527344,32.810001373291016,32.91999816894531,29.73262405395508,1300400,JBGS,0.982989273217402,1.017892982102527,1.097329447210237,1.0112728774332036,-0.02828360421580156,-0.08079194372082554,0.02129434624510762
2017-10-13,32.84000015258789,32.939998626708984,32.70000076293945,32.75,29.57908821105957,711500,JBGS,1.005190688833948,1.030294827282581,1.1135478094122109,1.0098252549340065,-0.004634566100058635,-0.07795467110469412,0.036657205568593865
2017-10-16,32.7400016784668,32.83000183105469,32.59000015258789,32.61000061035156,29.4526424407959,449100,JBGS,0.9966267243037944,1.040934181523277,1.132626160116003,1.0047827275420922,-0.008156003238297793,-0.07412758361843053,0.04703216275579658
2017-10-17,32.4900016784668,32.7400016784668,32.43000030517578,32.470001220703125,29.32619857788086,624800,JBGS,1.0024637449469522,1.0569725328307462,1.144065048433944,1.016827126331923,-0.014363381384970841,-0.06402323733857007,0.057126762119143804
2017-10-18,32.5,32.59000015258789,32.09000015258789,32.15999984741211,29.04620933532715,582400,JBGS,1.01729347170212,1.0681065515042476,1.1620267393300452,1.016900814218988,0.00039265748313210835,-0.04847717259305884,0.08603139490538991
2017-10-19,31.920000076293945,32.02000045776367,31.520000457763672,31.76000022888184,28.6849422454834,558600,JBGS,1.0345441248058154,1.0796438846263534,1.1683643998728388,1.0195478153138224,0.014996309491992932,-0.0369070177128481,0.09053085855501464
2017-10-20,31.799999237060547,32.02000045776367,31.350000381469727,31.40999984741211,28.36882400512696,821000,JBGS,1.0553691232300488,1.0810256730221144,1.174929474928251,1.0187296628598663,0.03663946037018251,-0.03589985275543017,0.10945546570378695
2017-10-23,31.309999465942383,31.489999771118164,31.18000030517578,31.40999984741211,28.36882400512696,779900,JBGS,1.0608191087545753,1.0797348480519025,1.1700891670343243,1.0231439317955078,0.037675176959067525,-0.03450330491277964,0.10163201516873577
2017-10-24,31.420000076293945,31.549999237060547,31.239999771118164,31.26000022888184,28.233348846435547,568300,JBGS,1.07106324471846,1.0696764431403922,1.1812156753435896,1.0231766620252993,0.047886582693160706,-0.03111644070600228,0.10183485504573642
2017-10-25,31.32999992370605,31.434999465942383,31.059999465942383,31.14999961853028,28.134002685546875,826700,JBGS,1.0777549232830204,1.0981830902651604,1.2039341519370428,1.028738706809164,0.049016216473856344,-0.010030731289405237,0.11011288965173827
2017-10-26,31.280000686645508,31.280000686645508,30.82999992370605,31.100000381469727,28.088844299316406,566900,JBGS,1.0798111232946217,1.0768090136490025,1.1973960937739787,1.0357335667629224,0.04407755653169931,-0.02755951703843884,0.10637405945311751
2017-10-27,30.96999931335449,31.26000022888184,30.790000915527344,31.25,28.224321365356445,718000,JBGS,1.0736615817905963,1.071316010294321,1.2072169725604829,1.0327543330408862,0.04090724874971019,-0.0071029433017195664,0.11108817382541325
2017-10-30,31.21999931335449,31.280000686645508,31.1200008392334,31.26000022888184,28.233348846435547,633000,JBGS,1.0729962412867204,1.0404946331022134,1.1854309360248598,1.0448229351223306,0.028173306164389844,-0.005616300470265401,0.07504144362999288
2017-10-31,31.09000015258789,31.31999969482422,30.920000076293945,31.209999084472656,28.18819236755371,472300,JBGS,1.0879434100262058,1.0372900081881185,1.2048122399683707,1.0378093145840102,0.0501340954421956,-0.016366360226372834,0.09723228883994728
2017-11-01,31.280000686645508,31.43000030517578,31.040000915527344,31.350000381469727,28.314632415771484,601300,JBGS,1.0856547063385962,1.0284547911077533,1.171455320173995,1.0388512590749122,0.04680344726368402,-0.026129227244096498,0.062012713914926465
2017-11-02,31.350000381469727,31.6299991607666,31.200000762939453,31.57999992370605,28.52236557006836,462100,JBGS,1.0656308901724456,0.9962508193496106,1.142577866132083,1.0310647944789963,0.03456609569344926,-0.021795522770388875,0.03807585484650078
2017-11-03,31.39999961853028,31.63999938964844,31.290000915527344,31.549999237060547,28.495275497436523,366100,JBGS,1.0723889874590111,1.0232200968009395,1.1485129149915752,1.0262436118253357,0.04614537563367538,-0.00241630876681298,0.04070259630220896
2017-11-06,31.450000762939453,31.850000381469727,31.350000381469727,31.84000015258789,28.757192611694336,319000,JBGS,1.0683145530249911,1.0167658118288516,1.1348491160506124,1.0311845275729687,0.037130025452022375,-0.01934511737359279,0.029120831714505746
2017-11-07,31.71999931335449,32.36000061035156,31.71999931335449,32.310001373291016,29.181690216064453,493700,JBGS,1.061188422449984,1.0026026153607837,1.130020046262617,1.0414917955670933,0.019696626882890644,-0.043307194666882376,0.01819368716754699
2017-11-08,32.34000015258789,32.63999938964844,32.34000015258789,32.599998474121094,29.443603515625,583500,JBGS,1.0569998771776354,0.9905750030057794,1.13216878384093,1.0390384642435906,0.01796141293404485,-0.07042976009195923,0.017515478439578347
2017-11-09,32.52000045776367,32.709999084472656,32.33000183105469,32.560001373291016,29.407485961914062,639100,JBGS,1.0552053730472817,1.0051773278906877,1.1473411064164516,1.0401272810196784,0.01507809202760324,-0.07039752484340456,0.03466211359012816
2017-11-10,32.43000030517578,32.65999984741211,32.41999816894531,32.65999984741211,29.497800827026367,599400,JBGS,1.0584495280835349,1.0185479235733732,1.151946904766354,1.0393664161720684,0.0190831119114665,-0.057345325067044595,0.03860894441142593
2017-11-13,32.65999984741211,32.75,32.209999084472656,32.36000061035156,29.226850509643555,739300,JBGS,1.0685730156982638,1.0167144947425444,1.1493895532988452,1.0305050740272153,0.038067941671048544,-0.049952720023776376,0.03775699246823838
2017-11-14,32.54999923706055,33.130001068115234,32.439998626708984,32.91999816894531,29.73262405395508,1429700,JBGS,1.06874855742627,0.9960325132864328,1.1323161020801416,1.043144349882203,0.025604207544067004,-0.06890826915638948,0.018663881241890667
2017-11-15,32.709999084472656,32.84000015258789,32.43000030517578,32.5,29.353290557861328,725000,JBGS,1.1039385225507807,1.028552244902362,1.163894552534189,1.0570826794517585,0.04685584309902224,-0.039397473371235,0.05326645310354117
2017-11-16,32.54999923706055,32.66999816894531,32.2599983215332,32.54999923706055,29.39845085144043,446700,JBGS,1.080278370791893,1.019498801518563,1.1755793309070666,1.0412088647392546,0.03906950605263848,-0.05098041081905502,0.06336462014391842
2017-11-17,32.18000030517578,32.56999969482422,32.165000915527344,32.4900016784668,29.548519134521484,511300,JBGS,1.041551171080383,1.0171095487496915,1.1499696551766874,1.0392013474275237,0.0023498236528594063,-0.05821149892927391,0.0500302832590116
2017-11-20,32.63999938964844,32.720001220703125,32.29999923706055,32.630001068115234,29.675838470458984,593700,JBGS,1.037388761493098,0.9889925794504756,1.1335517665180723,1.0381241126825425,-0.0007353511894443443,-0.0687169811783831,0.02638381472894058
2017-11-21,32.4900016784668,32.95000076293945,32.189998626708984,32.91999816894531,29.9395809173584,824100,JBGS,1.035540760336888,0.9983205031444616,1.1444868666633157,1.0319953792429801,0.0035453810939078956,-0.044281036658985085,0.03891740144391109
2017-11-22,32.970001220703125,33.380001068115234,32.875999450683594,33.09000015258789,30.09419059753418,692700,JBGS,1.0414022720083498,1.0129640449883994,1.1609505195929808,1.0328322263084138,0.008570045699936024,-0.02153960132998023,0.05132648089697045
2017-11-24,33.220001220703125,33.31999969482422,32.81999969482422,33.25,30.239702224731445,288200,JBGS,1.0357896933156296,1.0086952364318784,1.1578009088126366,1.0320198840812407,0.0037698092343889655,-0.03401578556283025,0.0407758373234004
2017-11-27,33.25,33.439998626708984,33.209999084472656,33.34000015258789,30.32155990600586,425400,JBGS,1.050655365746108,1.021369697739795,1.1598394185653726,1.0369551897736957,0.013700175972412243,-0.03566153905057323,0.042771923079573115
2017-11-28,33.29999923706055,33.400001525878906,33.060001373291016,33.349998474121094,30.33064651489257,401600,JBGS,1.0482277254034935,1.0427950733725595,1.1549367959766557,1.020376345675996,0.027851379727497516,-0.010618106380824832,0.04353754594552095
2017-11-29,33.36000061035156,33.43000030517578,33.040000915527344,33.31999969482422,30.303369522094727,450500,JBGS,1.0419210643105956,1.0428272374094842,1.1535445706308651,1.026253639124301,0.015667425186294714,-0.011226117245725531,0.04126030718864793
2017-11-30,33.400001525878906,33.41999816894531,33.220001220703125,33.310001373291016,30.29427719116211,599200,JBGS,1.0419313796462943,1.03347047011363,1.157539612033702,1.0246409570196735,0.01729042262662084,-0.015954712360218393,0.04673791009976691
2017-12-01,33.38999938964844,33.7400016784668,33.290000915527344,33.720001220703125,30.66715812683105,749000,JBGS,1.005083396549525,1.0244866054338788,1.116132347059161,1.029880242563007,-0.024796846013481977,-0.043753670257462796,0.006968416390770393
2017-12-04,33.75,33.810001373291016,33.38999938964844,33.79999923706055,30.739913940429688,862900,JBGS,1.0030022520923811,1.0247417440239135,1.130870170373742,1.036157586789428,-0.03315533469704679,-0.0458695539296452,0.013459447918632073
2017-12-05,33.7599983215332,33.88999938964844,33.400001525878906,33.41999816894531,30.39431381225586,1127300,JBGS,1.0165153324923533,1.0147083463494486,1.1543357564121182,1.0465343935592823,-0.030019061066929087,-0.05670130867575773,0.029310547357254357
2017-12-06,33.43000030517578,33.7599983215332,33.36000061035156,33.599998474121094,30.558019638061523,1157900,JBGS,1.0044790019825605,1.0146643794476606,1.1620177336246222,1.048372731047773,-0.043893729065212606,-0.05447496513866268,0.0340353785435763
2017-12-07,33.63999938964844,33.86000061035156,33.470001220703125,33.779998779296875,30.72172737121582,760700,JBGS,0.9940609794491636,1.0006163767094785,1.1504283874007089,1.0387885930282448,-0.04472761357908117,-0.056402436199295636,0.03581738461770212
2017-12-08,33.95000076293945,34.04999923706055,33.61000061035156,34.04999923706055,30.96727180480957,390300,JBGS,0.9920909813387958,0.9917952762200546,1.1353577400614656,1.0447156071702373,-0.05262462583144145,-0.06518676107123,0.02153187235719667
2017-12-11,34.119998931884766,34.349998474121094,33.994998931884766,34.220001220703125,31.121885299682617,487400,JBGS,0.9871622743411388,0.9827499592292154,1.1087032770027463,1.0484619827112251,-0.06129970837008636,-0.061873560605435585,0.004252085561827101
2017-12-12,34.2400016784668,34.33000183105469,34.040000915527344,34.119998931884766,31.03093719482422,485500,JBGS,0.9865153356524876,1.00067588050708,1.094142483675236,1.0415757419863072,-0.05506040633381959,-0.04811132634151316,-0.013353988254198867
2017-12-13,34.11000061035156,34.36000061035156,34.040000915527344,34.33000183105469,31.221933364868164,602300,JBGS,0.9752028876032154,0.9599561007093468,1.088924531523521,1.0495576207370112,-0.07435473313379581,-0.0889196914460425,-0.0015696800145794665
2017-12-14,34.34000015258789,34.4900016784668,34.029998779296875,34.34000015258789,31.23102378845215,593500,JBGS,0.9690565883787708,0.9558662056200996,1.0880174979301092,1.0539026313731312,-0.08484604299436038,-0.07486028711477555,-0.012434666381555992
2017-12-15,34.4900016784668,34.970001220703125,34.2400016784668,34.939998626708984,31.77669906616211,2043100,JBGS,0.9590417656704248,0.914676417523932,1.0571594167684766,1.0520989179928428,-0.09305715232241807,-0.08604678008883926,-0.01667514480312282
2017-12-18,35.02000045776367,35.63999938964844,35.02000045776367,35.630001068115234,32.40422821044922,601700,JBGS,0.9461191932638412,0.9054383421699546,1.037823556543271,1.049480051520865,-0.1033608582570239,-0.11045514623703023,-0.033568819370129566
2017-12-19,35.630001068115234,35.630001068115234,34.88999938964844,34.91999816894531,31.75851058959961,502800,JBGS,0.9760214132746882,0.9270185721768924,1.0577648645340596,1.0585213557872057,-0.08249994251251758,-0.07758839611549151,-0.019809848933094454
2017-12-20,34.970001220703125,34.970001220703125,33.75,33.84000015258789,30.77629470825196,655700,JBGS,1.00806308171686,0.9952727632405328,1.093318877550704,1.0561912314345747,-0.04812814971771462,-0.006854617002924557,0.012862821620237774
2017-12-21,33.91999816894531,34.09000015258789,33.72999954223633,33.849998474121094,30.785381317138672,670300,JBGS,1.0059814480503155,1.002413012411212,1.093295422680198,1.054691754118366,-0.04871030606805049,-0.011583375997189505,0.014904981003290185
2017-12-22,33.75,34.189998626708984,33.75,34.09000015258789,31.0036563873291,336100,JBGS,0.9891551718887508,0.9761632301015482,1.1043156671134051,1.0628648969920687,-0.07370972510331786,-0.014974670103727106,0.01617285275448066
2017-12-26,34.029998779296875,34.54999923706055,33.88999938964844,34.459999084472656,31.34015846252441,268300,JBGS,0.9773660817067752,0.9829160486630704,1.1021574779160397,1.054562443450246,-0.07719636174347089,-0.018495315328621587,0.0052012402930345925
2017-12-27,34.560001373291016,34.630001068115234,34.29999923706055,34.439998626708984,31.321971893310547,239800,JBGS,0.9641968990607204,0.9957620796926806,1.094857217879671,1.0427572783556516,-0.0785603792949312,-0.016185642716488924,-0.009423655212004611
2017-12-28,34.31999969482422,34.810001373291016,34.2400016784668,34.79999923706055,31.85750961303711,347100,JBGS,0.9698274091738308,0.9758619512875608,1.0671998400240443,1.039387058829826,-0.06955964965599515,-0.03988201467047103,-0.03471355855401059
2017-12-29,34.869998931884766,34.869998931884766,34.689998626708984,34.72999954223633,31.79342460632324,346400,JBGS,0.9513388727074014,0.9746616320646264,1.0638464624353683,1.0452598484191695,-0.09392097571176816,-0.02538310657602616,-0.03793453086940124
2018-01-02,34.790000915527344,34.880001068115234,34.4900016784668,34.4900016784668,31.573719024658203,717200,JBGS,0.957668855378869,0.972745525145342,1.0697904676664256,1.0173995405954512,-0.0597306852165822,-0.020763093583311076,-0.030805342289901505
2018-01-03,34.54999923706055,34.68000030517578,34.220001220703125,34.47999954223633,31.564558029174805,633700,JBGS,0.930684596377564,0.985788981141306,1.079439086021268,0.9765980219270426,-0.04591342554947864,-0.0181598111825495,-0.01600937486424625
2018-01-04,34.52000045776367,34.52000045776367,33.65999984741211,33.66999816894531,30.82305145263672,360900,JBGS,0.9486189365993744,1.0178200012425622,1.0994303520337303,0.9849127815791189,-0.03629384497974453,0.019463064923570084,0.009835492250532818
2018-01-05,33.75,33.8650016784668,33.56999969482422,33.68000030517578,30.83220291137696,659500,JBGS,0.9444774170096618,1.0100950488321834,1.087452522289887,0.9789917900086822,-0.03451437299902038,0.01046822975052819,-0.002436848598511565
2018-01-08,33.77000045776367,34.11000061035156,33.63999938964844,33.75,30.896286010742188,485300,JBGS,0.9197037488289076,1.0139258743621036,1.0765511633385505,0.942840182406444,-0.023136433577536364,0.02220138988778675,-0.010798842314504009
2018-01-09,33.86000061035156,33.90999984741211,33.5,33.529998779296875,30.69488906860352,429900,JBGS,0.9498955506139888,1.0208768280196026,1.1031203578309572,0.9530778204901077,-0.003182269876118915,0.019652580972187472,0.013822539480079055
2018-01-10,33.45000076293945,33.52000045776367,33.18000030517578,33.36000061035156,30.539270401000977,284900,JBGS,0.9574338190734798,1.0296758435394642,1.1012008776511546,0.966664672858564,-0.009230853785084148,0.01640126554325594,0.015415838191505493
2018-01-11,33.439998626708984,33.79999923706055,33.439998626708984,33.560001373291016,30.72235107421875,318900,JBGS,0.9523242170039036,1.0205602283676531,1.0847451103098211,0.9609362737659176,-0.008612056762014042,0.015686458519502455,0.009663504103100129
2018-01-12,33.54999923706055,33.689998626708984,33.40999984741211,33.560001373291016,30.72235107421875,342100,JBGS,0.9493445853324196,1.0205602283676531,1.07635031439044,0.9729510699723093,-0.02360648463988968,0.02583500436329822,0.01308528274506049
2018-01-16,33.58000183105469,33.85599899291992,33.43000030517578,33.439998626708984,30.61249542236328,502800,JBGS,0.9656102108417296,1.03588538747361,1.0772037520302482,0.9917823196316325,-0.026172108789902948,0.03957238040461575,-0.005004538088543065
2018-01-17,33.5099983215332,33.630001068115234,33.0099983215332,33.2599983215332,30.44771957397461,388600,JBGS,0.9867709044466416,1.0453997381756512,1.0709321224949062,0.9854883712686995,0.0012825331779421356,0.0574799408153952,-0.0048962527934763855
2018-01-18,33.20000076293945,33.34000015258789,32.97999954223633,33.060001373291016,30.264629364013672,343300,JBGS,0.9818511963725332,1.0780400950831082,1.0688891210913054,0.981540936006692,0.0003102603658411418,0.09823369182898267,0.003371217762569323
2018-01-19,33.18000030517578,33.43000030517578,33.06999969482422,33.290000915527344,30.475181579589844,316700,JBGS,0.971763209538852,1.080805008357861,1.0675490925768625,0.9694690060853025,0.0022942034535494704,0.10909297568169318,0.021733729228126553
2018-01-22,33.2599983215332,33.650001525878906,33.255001068115234,33.4900016784668,30.658262252807617,246000,JBGS,0.9847718259306986,1.0880862404369755,1.0966268686745897,0.9621388743443279,0.022632951586370686,0.11484964047523583,0.04718264808595696
2018-01-23,33.56999969482422,34.0099983215332,33.369998931884766,33.86000061035156,30.99698638916016,222200,JBGS,0.9669225592855436,1.082398087838621,1.0938553527990416,0.9712482450100665,-0.004325685724522854,0.11346690300002527,0.05160064766226746
2018-01-24,33.88999938964844,33.9900016784668,33.650001525878906,33.88999938964844,31.02444648742676,480500,JBGS,0.9687225515953928,1.0879314780847724,1.075073044610007,0.9795485186833895,-0.010825967087996768,0.12502002927368405,0.02154393649841202
2018-01-25,33.81999969482422,34.040000915527344,33.220001220703125,33.83000183105469,30.96952247619629,401800,JBGS,0.9476795794579388,1.0821757215595122,1.0939332260020032,0.966216685842239,-0.018537106384300173,0.11784947058826645,0.038040434034738224
2018-01-26,33.869998931884766,33.89500045776367,33.130001068115234,33.5,30.66742706298828,366000,JBGS,0.9746268385659316,1.0868654688316692,1.1218291633506574,0.9510576163473857,0.02356922221854585,0.13408461697764684,0.06898798265239559
2018-01-29,33.54999923706055,33.66999816894531,33.25,33.459999084472656,30.63080787658692,345900,JBGS,0.9952180550102696,1.08368195131003,1.1282827185259192,0.9505813448789945,0.044636710131275126,0.12545851883749393,0.06405288751219018
2018-01-30,33.36000061035156,33.4900016784668,32.970001220703125,32.9900016784668,30.20054817199707,289200,JBGS,1.010002977809791,1.104273804399896,1.1254471372448218,0.9691515138835962,0.040851463926194764,0.12470662502610708,0.05192094600936281
2018-01-31,33.130001068115234,33.95000076293945,32.95000076293945,33.75,30.896286010742188,391200,JBGS,1.0023703970577122,1.0962963850102156,1.0977184874302346,0.9806085357513575,0.021761861306354713,0.11130560099835662,0.021671260045808216
2018-02-01,33.72999954223633,33.72999954223633,32.790000915527344,33.040000915527344,30.246320724487305,731200,JBGS,1.04570235322302,1.111985578311924,1.114912343043161,0.9878286984701531,0.05787365475286699,0.1254053373452232,0.04211634536726372
2018-02-02,32.77000045776367,33.31999969482422,32.70000076293945,33.029998779296875,30.23716735839844,927000,JBGS,1.045110434729512,1.1268542250468427,1.1267440880530757,1.0090257197028396,0.03608471502667232,0.11199439085745544,0.03873311300267379
2018-02-05,32.970001220703125,33.130001068115234,31.940000534057617,32.09000015258789,29.37664794921875,601600,JBGS,1.0657526666971393,1.1392955795365536,1.1707915893598058,1.0478685372259775,0.017884129471161803,0.07958882832040182,0.033897813211638095
2018-02-06,31.65999984741211,32.150001525878906,31.25,31.940000534057617,29.239330291748047,657200,JBGS,1.0745147858782518,1.1614998992161034,1.17565595965513,1.051568894585514,0.02294589129273783,0.11168263186882932,0.06104465492445765
2018-02-07,31.93000030517578,32.39500045776367,31.739999771118164,31.809999465942383,29.12031936645508,285900,JBGS,1.0817351494691247,1.1390440594012063,1.183643302469819,1.0532451350968348,0.02849001437228993,0.08856926722925862,0.057795983565859244
2018-02-08,31.809999465942383,32.150001525878906,31.030000686645508,31.040000915527344,28.415430068969727,468100,JBGS,1.0853738209135817,1.1468777178803224,1.2244214256414794,1.0842445858930831,0.0011292350204985535,0.06442050023549206,0.055917397885178355
2018-02-09,31.229999542236328,32.0,30.86000061035156,31.850000381469727,29.156938552856445,304900,JBGS,1.0634221414225091,1.1224495282905005,1.1888323609260456,1.0683764455000002,-0.00495430407749109,0.04463770589669935,0.024610507396614967
2018-02-12,31.989999771118164,32.11000061035156,31.01000022888184,31.940000534057617,29.239330291748047,457000,JBGS,1.0513463619622658,1.11613618676789,1.1842144368202387,1.051323312301984,2.3049660281770912e-05,0.050728862501999705,0.028805605908768905
2018-02-13,31.989999771118164,32.20000076293945,31.51000022888184,31.959999084472656,29.25763893127441,270100,JBGS,1.0497495702089044,1.12708667317408,1.1689015282120343,1.0516026800277547,-0.0018531098188503403,0.06652367980402252,0.018501245554760626
2018-02-14,31.75,31.8799991607666,31.5,31.86000061035156,29.16609764099121,224800,JBGS,1.0486501103395462,1.1429409993241315,1.169392539025932,1.0231635804963441,0.0254865298432021,0.09368701654405132,0.03952262791244854
2018-02-15,31.96999931335449,32.40999984741211,31.770000457763672,32.290000915527344,29.559738159179688,1190800,JBGS,1.0504798869724612,1.1414315410635925,1.1685563953011189,1.0138027741967723,0.03667711277568886,0.10832758057421121,0.04372032404240889
2018-02-16,32.290000915527344,32.97999954223633,32.290000915527344,32.81999969482422,30.04492378234864,654700,JBGS,0.9975623711568288,1.130969764019524,1.1580146332640793,1.0126035769127726,-0.01504120575594381,0.09757670682763919,0.028547321670260528
2018-02-20,32.72999954223633,33.20000076293945,32.33000183105469,32.459999084472656,29.715362548828125,272600,JBGS,1.0046210998518044,1.1304939186392704,1.1792789559141144,0.9956620495601287,0.008959050291675652,0.09017840055295223,0.04341806625358258
2018-02-21,32.459999084472656,32.90999984741211,32.150001525878906,32.349998474121094,29.614660263061523,501700,JBGS,0.9814530034918758,1.1368264458998811,1.1729610537676252,0.9806987264614347,0.000754277030441064,0.09366516200873143,0.02922664815453846
2018-02-22,32.45000076293945,33.09000015258789,32.34000015258789,32.97999954223633,30.19139289855957,441400,JBGS,0.971801160971471,1.1315852532553414,1.1520895370107431,1.0046696471232213,-0.03286848615175031,0.09391508122958103,0.011668909954281936
2018-02-23,32.939998626708984,33.02000045776367,32.630001068115234,32.7400016784668,29.9716854095459,692200,JBGS,0.982284737709764,1.1530953534776291,1.158370336382777,0.976500995653683,0.005783742056081009,0.11588203738839264,0.029085481845479322
2018-02-26,32.790000915527344,33.029998779296875,32.59000015258789,32.83000183105469,30.05408096313477,299300,JBGS,1.0191896373128022,1.1306251687345947,1.141009382881024,0.9683080291768851,0.050881608135917133,0.10951119942983478,0.019983687118036553
2018-02-27,32.970001220703125,33.27000045776367,32.060001373291016,32.060001373291016,29.349184036254883,258600,JBGS,1.0514659210361708,1.146168121046894,1.1674661614922577,0.9939380132018831,0.05752790783428763,0.10250544704346631,0.037871604781827495
2018-02-28,32.209999084472656,32.779998779296875,32.06999969482422,32.650001525878906,29.88929748535156,685800,JBGS,1.0125574004824325,1.1464122624532564,1.142338646892908,0.9796088244001283,0.03294857608230417,0.08952179683369899,0.007891981137138071
2018-03-01,32.59000015258789,33.380001068115234,32.5,33.29999923706055,30.48433303833008,278100,JBGS,1.0105107000939146,1.1460925245439249,1.096934472991515,0.9981950099645204,0.012315690129394263,0.07778900719481996,-0.043502967124049885
2018-03-02,33.20000076293945,33.369998931884766,33.10499954223633,33.31999969482422,30.50264358520508,331800,JBGS,1.0225091404105884,1.1478203395786812,1.11298741821779,1.0004572627883503,0.022051877622238036,0.0812960495066386,-0.020609133090372378
2018-03-05,33.29999923706055,34.02000045776367,33.29999923706055,33.83000183105469,30.96952247619629,255300,JBGS,1.0038427785909778,1.1355725758576936,1.100398480034642,0.9956284307075198,0.008214347883457984,0.08309785321061858,-0.02282898887817786
2018-03-06,33.83000183105469,34.560001373291016,33.70000076293945,34.54999923706055,31.62864875793457,298400,JBGS,0.9797393291406054,1.1075395592744914,1.074829575068833,0.9682028074328803,0.011536521707725012,0.057149399328185746,-0.041876179604721786
2018-03-07,34.439998626708984,34.880001068115234,34.36000061035156,34.52000045776367,31.601179122924805,495900,JBGS,0.9719002501128824,1.1061703504181737,1.0830960352228276,0.9677982186735337,0.00410203143934873,0.05583761787979191,-0.035855038184525734
2018-03-08,34.66999816894531,34.66999816894531,33.97999954223633,34.20000076293945,31.30824089050293,278700,JBGS,0.9938595275467748,1.1200509792083662,1.0893814536933273,0.9800165942868843,0.0138429332598905,0.06656034271807076,-0.028431328928551824
2018-03-09,34.36000061035156,34.43000030517578,33.959999084472656,34.31999969482422,31.418092727661133,528800,JBGS,0.9985430541492238,1.0894552853489674,1.0840977508129035,0.9628220053684061,0.03572104878081772,0.056143649260675055,-0.006983554136683834
2018-03-12,34.31999969482422,34.7599983215332,34.20000076293945,34.40999984741211,31.500473022460938,512700,JBGS,0.9886662807623467,1.1035660223356254,1.0927370465725157,0.9681602160142494,0.020506064748097352,0.0656068201483544,-0.004421495195320535
2018-03-13,34.380001068115234,34.88999938964844,33.560001373291016,33.689998626708984,30.84136390686035,516700,JBGS,1.01573146708389,1.1376034902689014,1.1263069692389316,0.9690913782459089,0.0466400888379811,0.09352064682595129,0.02826319180815684
2018-03-14,33.619998931884766,34.02000045776367,33.54999923706055,33.869998931884766,31.006134033203125,602200,JBGS,1.010629088915551,1.1452237381755477,1.120321645772823,0.9826382916238805,0.027990797291670422,0.09704079293425893,0.010847686278230295
2018-03-15,33.849998474121094,33.97999954223633,33.34000015258789,33.58000183105469,30.740663528442383,567800,JBGS,1.0229300672750898,1.149719726938596,1.1321071013325652,0.995714794917482,0.02721527235760779,0.10215576100357882,0.019863958320096575
2018-03-16,33.63999938964844,33.939998626708984,33.380001068115234,33.54999923706055,30.713193893432617,1476400,JBGS,1.020864509796238,1.1447500984160344,1.1059611084176124,0.99283022632097,0.02803428347526815,0.09870920118324245,0.005570094082626431
2018-03-19,33.52000045776367,33.52000045776367,32.8650016784668,33.40999984741211,30.58503150939941,815700,JBGS,1.0251423026541648,1.128164154666888,1.1193830636221878,0.9977193171282257,0.027422985525939136,0.07751510725794275,0.003969631870978763
2018-03-20,33.40999984741211,34.0,33.275001525878906,33.91999816894531,31.051910400390625,747600,JBGS,1.021226593573128,1.0934034735810692,1.0783768251681314,0.9892852301876452,0.0319413633854827,0.04272952685011222,-0.02796304405799188
2018-03-21,33.72999954223633,33.72999954223633,32.61000061035156,32.7400016784668,29.9716854095459,679900,JBGS,1.0620036089308789,1.1343482589660867,1.1095123743182345,0.9886352809649157,0.07336832796596315,0.09830144322547252,0.0045393107332261096
2018-03-22,32.540000915527344,33.36000061035156,32.209999084472656,32.61000061035156,29.852680206298828,588900,JBGS,1.0929164045495732,1.1382529181730812,1.1434291956720557,1.001420944386749,0.09149546016282417,0.07547993467837033,0.011036718415793567
2018-03-23,32.52000045776367,32.599998474121094,31.75,31.75,29.06539726257324,672300,JBGS,1.1332282364586497,1.155774213169562,1.1667480278258446,1.0208790000721215,0.11234923638652816,0.08720209059747597,0.019929517298288735
2018-03-26,32.13999938964844,32.15999984741211,31.549999237060547,32.04999923706055,29.340030670166016,448600,JBGS,1.1369733620254434,1.1462111865685352,1.157090083318674,1.0055604459985765,0.1314129160268669,0.09514727185838012,0.04237905749364801
2018-03-27,32.099998474121094,32.720001220703125,31.68000030517578,32.15999984741211,29.44072914123535,426600,JBGS,1.1396143973008577,1.1410395608904995,1.147151217968075,1.0208143643040246,0.11880003299683306,0.07330674828328143,0.013876675533790683
2018-03-28,32.349998474121094,33.47999954223633,32.349998474121094,33.459999084472656,30.63080787658692,320600,JBGS,1.1019125600545223,1.098511802926205,1.102278950630987,1.0137855361542834,0.08812702390023897,0.026885519711731032,-0.020230514251961873
2018-03-29,33.56999969482422,33.779998779296875,32.970001220703125,33.709999084472656,30.85966682434082,442800,JBGS,1.086028100134783,1.090663637785763,1.092302516670475,1.0027391855749308,0.0832889145598521,0.03346034935584008,-0.008039439273621607
2018-04-02,33.720001220703125,33.7400016784668,32.68000030517578,33.060001373291016,30.264629364013672,366000,JBGS,1.101330767734715,1.1312817703638824,1.1330714795925376,1.0209426799016275,0.0803880878330876,0.04000589411684441,0.010878601410318156
2018-04-03,33.099998474121094,33.72999954223633,32.810001373291016,33.650001525878906,30.804744720458984,470600,JBGS,1.0775630167081534,1.1213139508864027,1.116514116725874,1.0073860021346626,0.07017701457349079,0.032633099510150254,0.012898868151151266
2018-04-04,33.380001068115234,34.06999969482422,33.20000076293945,34.06999969482422,31.1892318725586,523500,JBGS,1.0692688541071689,1.0995168828055533,1.0914581210777303,1.0086288213636454,0.060640032743523475,0.015196333294971165,0.034157491549386076
2018-04-05,34.08000183105469,34.08000183105469,33.66999816894531,33.959999084472656,31.088531494140625,219900,JBGS,1.089517099583885,1.093597141087396,1.0654798131753032,1.0070075641703935,0.08250953541349149,0.016096071389021915,0.03532577058390762
2018-04-06,33.84000015258789,34.20000076293945,33.66999816894531,33.849998474121094,30.987831115722656,360100,JBGS,1.085376782809493,1.0915033765942157,1.0644557846996174,1.0294048035181318,0.05597197929136111,-0.001068034296090925,0.0015290560232932293
2018-04-09,33.959999084472656,33.959999084472656,33.5099983215332,33.54999923706055,30.713193893432617,275000,JBGS,1.109389010777728,1.0997639567723363,1.0854412643356872,1.0371214117684873,0.07226759900924073,0.0005881963371323629,0.02350920757704511
2018-04-10,33.7599983215332,34.025001525878906,33.619998931884766,33.9900016784668,31.11599349975586,352000,JBGS,1.075610365788548,1.0950001538580174,1.0913461791905257,1.029383087600204,0.046227278188344156,0.012774098676387347,0.02142528781889097
2018-04-11,34.0,34.630001068115234,33.81999969482422,34.27000045776367,31.372318267822266,782200,JBGS,1.082530111325725,1.0801815160750796,1.077702936443231,1.0343834471238158,0.04814666420190927,-0.0017907183267935611,0.007477488041027769
2018-04-12,34.279998779296875,34.279998779296875,33.790000915527344,34.02000045776367,31.143455505371094,794400,JBGS,1.0650496627294963,1.07658435069763,1.0850274434197649,1.0271557935683588,0.03789386916113746,-0.004315583158071901,0.036565126408957704
2018-04-13,34.16999816894531,34.31999969482422,33.939998626708984,34.220001220703125,31.3265438079834,306900,JBGS,1.0403006405635709,1.0617651551853793,1.0884490631498251,1.0272560919411187,0.01304454862245219,-0.02658446334246989,0.04358499523363757
2018-04-16,34.34000015258789,34.54899978637695,34.13999938964844,34.22999954223633,31.33570098876953,290800,JBGS,1.044405929734203,1.080561657933699,1.0884268070499044,1.0235757079403338,0.020830221793869175,0.0014812310747924773,0.057672248826038386
2018-04-17,34.310001373291016,34.630001068115234,34.119998931884766,34.349998474121094,31.44554901123047,209600,JBGS,1.0378281073681757,1.0694636419417458,1.0964140166841718,1.014767811419326,0.02306029594884973,0.005590245168212382,0.08299010806137974
2018-04-18,34.47999954223633,34.54999923706055,34.22999954223633,34.25,31.3540096282959,276500,JBGS,1.0517281623278871,1.0628918119265036,1.099615044677654,1.0120135674144037,0.03971459491348339,0.0011109902561940999,0.11958360248437705
2018-04-19,34.290000915527344,34.31999969482422,33.84000015258789,34.25,31.3540096282959,356500,JBGS,1.0631855121360905,1.0546661377467366,1.1055272517964043,1.024856428629928,0.03832908350616249,-0.006961651025088944,0.10394876029102518
2018-04-20,34.310001373291016,34.7599983215332,34.13999938964844,34.63999938964844,31.711036682128903,1162100,JBGS,1.0639960408321665,1.0398870039642203,1.0843120380499705,1.0270315688040224,0.036964472028144124,-0.03714853383418282,0.09210001145183211
2018-04-23,34.720001220703125,34.970001220703125,34.459999084472656,34.77000045776367,31.83003807067871,344700,JBGS,1.067541932706927,1.0244235610426036,1.0846258356325256,1.0289721591416667,0.03856977356526037,-0.056109327453709,0.09567437330699302
2018-04-24,34.880001068115234,35.790000915527344,34.689998626708984,35.63999938964844,32.62648391723633,816400,JBGS,1.0296247899965825,0.9915114715737012,1.0675234428061706,1.0406249194487622,-0.011000129452179763,-0.08885579430663504,0.04674642759537395
2018-04-25,35.47999954223633,36.06999969482422,35.380001068115234,35.97999954223633,32.93772888183594,432400,JBGS,1.0221326763046723,0.98773514586027,1.054621684262119,1.0395306529925599,-0.017397976687887562,-0.08234283139961918,0.023364682179257024
2018-04-26,36.0,36.83000183105469,35.880001068115234,36.43999862670898,33.35883331298828,571000,JBGS,1.0241405824569476,1.0078492199608955,1.0404755136127477,1.0247521280151235,-0.0006115455581758855,-0.0637517240928982,-0.0005496496295176456
2018-04-27,36.59000015258789,36.880001068115234,36.2400016784668,36.650001525878906,33.55107879638672,426500,JBGS,1.0300774944191238,1.0105850750192094,1.034513657086684,1.0380132315445008,-0.007935737125376985,-0.058369911913672023,-0.003258329807324989
2018-04-30,36.7400016784668,37.13999938964844,36.720001220703125,36.869998931884766,33.752471923828125,992400,JBGS,1.0067381268190536,0.9881808425128006,1.0720006130193371,1.0376551498532594,-0.030917023034205737,-0.0983086123172695,0.023672678563564142
2018-05-01,37.02000045776367,37.02000045776367,36.54499816894531,36.61000061035156,33.51446533203125,542200,JBGS,1.003718805829893,1.010864690648897,1.0973123569252288,1.0446815749675655,-0.040962769137672606,-0.07571498017650646,0.045478087021543434
2018-05-02,36.4900016784668,36.68000030517578,35.95000076293945,36.40999984741211,33.33136749267578,471300,JBGS,1.0280243425610962,1.0321692937365767,1.096944613509082,1.0548014599130375,-0.026777117351941326,-0.06476300107408228,0.02049337071155133
2018-05-03,36.27999877929688,36.56499862670898,36.220001220703125,36.2599983215332,33.194053649902344,307200,JBGS,1.0525338839126774,1.0411566946943915,1.0928267166742016,1.0605317444062077,-0.00799786049353024,-0.06168907057503237,0.01714315292416435
2018-05-04,36.34000015258789,36.540000915527344,36.22999954223633,36.43000030517578,33.34967422485352,392300,JBGS,1.0498319858226848,1.019173988154534,1.0912214551193335,1.056267554793551,-0.006435568970866168,-0.06847703533326821,0.040224719195349534
2018-05-07,36.5,37.02999877929688,36.5,37.0,33.87148666381836,373600,JBGS,1.0382815717664875,1.00129718791329,1.067255217723835,1.0491433491707594,-0.010861777404271855,-0.08222326888399656,0.04191603893066054
2018-05-08,37.0,37.06999969482422,36.66999816894531,36.7400016784668,33.63347244262695,400200,JBGS,1.0415213524433375,1.00263201680698,1.0712047539173168,1.0533582377542972,-0.01183688531095961,-0.07477787512824197,0.04632009925486891
2018-05-09,36.72999954223633,37.275001525878906,36.72999954223633,37.220001220703125,34.072879791259766,572800,JBGS,1.0259270011277428,0.9999022615425144,1.0478148177547226,1.0460669201720088,-0.02013991904426593,-0.06285095463052603,0.038203412829986405
2018-05-10,37.25,37.380001068115234,36.47499847412109,36.560001373291016,33.468685150146484,449400,JBGS,1.0477503286843564,1.0276451610881034,1.0764789656259135,1.042896340423364,0.00485398826099237,-0.03586224865430543,0.0633839633665958
2018-05-11,36.400001525878906,36.88999938964844,36.36000061035156,36.869998931884766,33.96147918701172,290500,JBGS,1.0078656170790352,1.0121877414269087,1.0924237526224905,1.0355751904583157,-0.027709573379280483,-0.03995820827439256,0.07941478363617427
2018-05-14,36.81999969482422,36.81999969482422,35.970001220703125,36.0099983215332,33.16932678222656,357000,JBGS,1.0480421246811438,1.0391549762280998,1.1395903918740813,1.041087727357805,0.006954397323338801,-0.022551069858076422,0.1469090009141456
2018-05-15,35.75,36.43000030517578,35.369998931884766,35.380001068115234,32.58902359008789,535800,JBGS,1.076596944615702,1.067612881959617,1.1472972604408955,1.0466187864615744,0.029978158154127632,-0.0035183518100605493,0.16710270055071919
2018-05-16,35.369998931884766,35.880001068115234,35.279998779296875,35.529998779296875,32.72719192504883,398100,JBGS,1.084998700933428,1.0591410401647603,1.1376113050612775,1.0408877248167445,0.044110976116683576,-0.010427559522050212,0.15305155800047032
2018-05-17,35.560001373291016,35.814998626708984,35.24399948120117,35.43000030517578,32.63507461547852,397600,JBGS,1.0829804342187437,1.060994572937815,1.1396799028040503,1.0349193513761987,0.048061082842544955,-0.013215771519880626,0.156904270927401
2018-05-18,35.59000015258789,35.869998931884766,35.46500015258789,35.79999923706055,32.97589492797852,559200,JBGS,1.0662009873869112,1.0370999462891315,1.1083958890074106,1.0385787395853494,0.02762224780156175,-0.03687954199399135,0.1109477997373709
2018-05-21,35.9900016784668,36.369998931884766,35.56999969482422,36.18999862670898,33.33512878417969,688400,JBGS,1.035092332825701,1.0231433991058525,1.0928161981021227,1.0250893121794087,0.010003020646292216,-0.04269621844721461,0.1046992901138537
2018-05-22,36.25,36.70000076293945,36.16999816894531,36.630001068115234,33.74041748046875,382200,JBGS,1.006278796424766,1.0237638905722293,1.080518059778981,1.0307376712719065,-0.0244588748471406,-0.0536443527734094,0.06568908238140359
2018-05-23,36.72999954223633,37.290000915527344,36.70000076293945,36.88999938964844,33.97990036010742,372500,JBGS,1.0005423442180503,1.0239129905192483,1.084698988855281,1.0150475795387122,-0.014505235320661836,-0.05729681128956576,0.0733913838134943
2018-05-24,36.88999938964844,37.09700012207031,36.290000915527344,36.470001220703125,33.59303665161133,220800,JBGS,1.0115161874917176,1.0431537370263473,1.1118973615559833,1.0168206501033525,-0.005304462611634975,-0.038102027759792545,0.09500192945363373
2018-05-25,36.369998931884766,36.77000045776367,36.369998931884766,36.54999923706055,33.66672897338867,175400,JBGS,0.9978111232060712,1.0317855095631072,1.1166625554881626,1.0047051141844092,-0.006893990978337983,-0.05443080230528219,0.08800451190531655
2018-05-29,36.5,37.16999816894531,36.369998931884766,37.09000015258789,34.16413497924805,360800,JBGS,0.9843618575103872,1.0181199637379643,1.082669536127097,1.0170681966545738,-0.032706339144186636,-0.06954096075819938,0.08201767787954428
2018-05-30,37.02000045776367,37.93999862670898,37.02000045776367,37.52000045776367,34.560211181640625,665000,JBGS,0.9720147968730268,1.0045746285328785,1.0856356774445923,1.0058059528088674,-0.03379115593584059,-0.07174284200278969,0.09714481224263805
2018-05-31,37.52000045776367,37.720001220703125,36.83000183105469,36.88999938964844,33.97990036010742,1268200,JBGS,0.9902413965021212,1.0091844887532897,1.080583975956784,1.0168871932272077,-0.02664579672508649,-0.0763662690889324,0.10650119714068795
2018-06-01,36.93999862670898,37.119998931884766,36.34999847412109,36.52000045776367,33.63909912109375,510500,JBGS,1.0005474985620793,1.018581951508048,1.0599413400877813,1.0077177169743035,-0.007170218412224205,-0.0537434130909491,0.09582529493623904
2018-06-04,36.56999969482422,37.20000076293945,36.56999969482422,37.20000076293945,34.26545715332031,507900,JBGS,0.9991935415637812,0.9964466399272184,1.029412131432686,1.0112024797155206,-0.012008938151739423,-0.06646662860193009,0.07211886762185304
2018-06-05,37.18999862670898,37.959999084472656,37.06999969482422,37.93000030517578,34.9378662109375,914200,JBGS,0.9886634117836142,0.9571081300159672,0.9930580061562972,1.01633028397258,-0.027666872188965907,-0.1000570739089417,0.032249974094234246
2018-06-06,37.810001373291016,38.16999816894531,37.70000076293945,38.0099983215332,35.01155471801758,690000,JBGS,0.9794791257289523,0.9696529847400364,1.005345133055766,1.01575942124869,-0.03628029551973766,-0.08363558982542019,0.05891464484386233
2018-06-07,38.02000045776367,38.20800018310547,37.869998931884766,38.18000030517578,35.16814041137695,1152600,JBGS,0.9667366191360844,0.96902523311072,0.9918568123172752,1.0174469663824934,-0.05071034724640899,-0.08720984052182035,0.05668959409975005
2018-06-08,38.18999862670898,38.38999938964844,37.93999862670898,38.02999877929688,35.02997970581055,484800,JBGS,0.9655535795395332,0.9704660804828628,0.9680939537721148,1.0052080736804023,-0.03965449414086908,-0.08106530886554364,0.060536196665907926
2018-06-11,38.150001525878906,38.22999954223633,37.900001525878906,37.95000076293945,34.9562873840332,283900,JBGS,0.966271482731478,0.97914036008412,0.9706682354856688,1.0105777092882633,-0.04430622655678529,-0.07448838825997361,0.06444332046023715
2018-06-12,38.02999877929688,38.150001525878906,37.81999969482422,38.06999969482422,35.06682586669922,399600,JBGS,0.971631073744653,0.9726177414382372,0.969734865964403,1.0061680526397327,-0.034536978895079784,-0.0781686008982373,0.08119070437487141
2018-06-13,38.16999816894531,38.29999923706055,37.119998931884766,37.15999984741211,34.228607177734375,360600,JBGS,0.99004315698157,0.995082373174822,0.9755083795246624,1.0074181839888556,-0.01737502700728566,-0.05213327983983951,0.09774581257442838
2018-06-14,37.310001373291016,37.7400016784668,37.310001373291016,37.7400016784668,34.76285171508789,365700,JBGS,0.964493853914128,0.9901872878070396,0.944963569666778,1.0075359550207903,-0.04304210110666229,-0.05748994369370297,0.08950445855838363
2018-06-15,37.869998931884766,38.40999984741211,37.709999084472656,38.09000015258789,35.085243225097656,1424100,JBGS,0.9480177302550964,0.9900698959465222,0.8966933648321382,1.0096019294644618,-0.06158419920936542,-0.05299664205352772,0.06428144352040066
2018-06-18,38.040000915527344,38.54999923706055,37.970001220703125,38.54999923706055,35.50896072387695,299500,JBGS,0.9535665455331446,0.9782556966183776,0.9033192490144182,1.0102476448598272,-0.05668109932668264,-0.07142840191835054,0.03154533284465899
2018-06-19,38.33000183105469,38.90999984741211,38.29999923706055,38.369998931884766,35.34314727783203,557400,JBGS,0.9515245233833934,0.984680939890517,0.9099379880872024,1.010631938115176,-0.059107414731782604,-0.06875645631599969,0.027977416848043335
2018-06-20,38.310001373291016,38.68000030517578,38.09000015258789,38.16999816894531,35.158931732177734,328700,JBGS,0.9478649794834444,0.9661157574460196,0.9155034072379244,1.0076096239040084,-0.05974464442056404,-0.07751727191837532,0.036645833936218786
2018-06-21,37.75,37.880001068115234,37.369998931884766,37.459999084472656,34.50493621826172,464300,JBGS,0.9583559879194212,0.9922164775326574,0.9431512321036142,1.008634820248486,-0.050278832329064826,-0.05896513124436309,0.050271052382416914
2018-06-22,37.54999923706055,37.54999923706055,36.84000015258789,36.86000061035156,33.952266693115234,1413200,JBGS,0.9712428105621974,0.9862569959068056,0.9469390249835316,1.0148038426897,-0.04356103212750251,-0.05724422128347306,0.057388234949984795
2018-06-25,36.900001525878906,37.22999954223633,36.64500045776367,36.90999984741211,33.998329162597656,370700,JBGS,0.9590895126798914,0.9781055910726312,0.9508806661417086,1.0325715690378434,-0.07348205635795202,-0.07981260297652215,0.06690855695886244
2018-06-26,37.0,37.09999847412109,36.68999862670898,36.88999938964844,33.97990036010742,880200,JBGS,0.9520196568625964,1.0045475635654704,0.9635020640177232,1.0198612964637193,-0.06784163960112288,-0.05266273318890824,0.05166308224286864
2018-06-27,37.060001373291016,37.130001068115234,36.2599983215332,36.470001220703125,33.59303665161133,347400,JBGS,0.9684671492729052,1.0094947737466715,0.9787722599941656,1.0240098685139658,-0.05554271924106058,-0.05693628538210138,0.042578901248104706
2018-06-28,36.310001373291016,36.650001525878906,36.0,36.5099983215332,33.6298713684082,1294900,JBGS,0.9997265158999074,1.0094911800526982,1.0099475162346443,1.0280310192931805,-0.028304503393273173,-0.0461497023169255,0.06688469118778873
2018-06-29,36.380001068115234,36.900001525878906,36.119998931884766,36.470001220703125,33.59303665161133,996200,JBGS,1.0093228496744286,1.0053562183880858,1.0096632911332033,1.0229810328203164,-0.013658183145887737,-0.05039756329467049,0.06148495426847078
2018-07-02,36.43999862670898,36.709999084472656,35.92499923706055,36.52999877929688,33.6483039855957,702900,JBGS,0.9912400386318504,1.003429319279726,1.019952042360352,1.0280373837237413,-0.03679734509189092,-0.03920795077354966,0.06763703889113237
2018-07-03,36.58000183105469,37.040000915527344,36.400001525878906,36.540000915527344,33.65751647949219,239600,JBGS,1.0065683144140911,1.0015026437372012,1.0160620125588284,1.0316057780571557,-0.025037463643064584,-0.03405241297290873,0.061979221555912956
2018-07-05,36.7599983215332,37.20000076293945,36.5,37.16999816894531,34.237823486328125,261000,JBGS,1.0048423217652118,1.0015820189766511,0.9881910678711656,1.0278585751886447,-0.02301625342343283,-0.023044550920446216,0.04811093814296119
2018-07-06,37.220001220703125,37.59099960327149,36.93000030517578,37.5,34.54179000854492,411500,JBGS,1.000533301056232,0.9957194555933828,0.9919453760125846,1.022944787767895,-0.02241148671166293,-0.014438067821276324,0.05162863714687205
2018-07-09,37.52999877929688,37.52999877929688,36.90999984741211,37.22999954223633,34.293087005615234,392600,JBGS,0.99113621581612,0.9926706339358248,1.0144057767271464,1.0132572440264689,-0.022121028210348892,0.020402688231586308,0.07718555345462907
2018-07-10,37.130001068115234,37.34000015258789,36.810001373291016,36.90999984741211,33.998329162597656,423400,JBGS,0.9975615032351344,0.9742891354999934,1.0251251674902704,1.014019569285541,-0.01645806605040656,0.021619524614140406,0.07946270591437177
2018-07-11,36.81999969482422,37.08000183105469,36.68999862670898,36.720001220703125,33.82332229614258,356800,JBGS,0.9970042567704508,0.975219873364942,1.0436966627835464,1.0161209399346474,-0.01911668316419657,0.006406603760341412,0.07829317927723756
2018-07-12,36.790000915527344,36.90499877929688,36.38999938964844,36.66999816894531,33.77726364135742,322700,JBGS,1.008653333268583,0.9869765758838972,1.0393074397027413,1.0037965838177763,0.004856749450806719,0.024218703308113043,0.09364412633765995
2018-07-13,36.720001220703125,37.02000045776367,36.650001525878906,36.9900016784668,34.072017669677734,324200,JBGS,1.0094480660339071,0.996663037302216,1.0237313411947793,1.0115806406556596,-0.0021325746217524255,0.01202416073653867,0.07868168234047757
2018-07-16,36.970001220703125,36.970001220703125,36.650001525878906,36.790000915527344,33.88779830932617,230200,JBGS,1.0143885005464637,0.9977054045130722,1.0334345211219518,1.0069134712233376,0.007475029323126048,0.012196627651088865,0.07977441134798846
2018-07-17,36.83000183105469,36.880001068115234,36.34000015258789,36.400001525878906,33.52855682373047,241400,JBGS,1.0280213122531805,1.0078424813779463,1.0592855411858269,1.0107632127673372,0.017258099485843337,0.04121921304180454,0.09925239768467231
2018-07-18,36.31999969482422,36.64799880981445,35.91999816894531,36.11000061035156,33.26143264770508,219800,JBGS,1.046030150407975,1.025131647835803,1.0683548020279183,1.0123701639629037,0.03365998644507129,0.06758940116621248,0.1143405178819702
2018-07-19,36.119998931884766,36.86000061035156,35.970001220703125,36.7599983215332,33.86015701293945,240800,JBGS,1.0237020485144774,1.0072787601322497,1.057746880800952,1.0156203938264288,0.008081654688048667,0.054913586908868606,0.10461461075864542
2018-07-20,36.68000030517578,36.72999954223633,36.35499954223633,36.5099983215332,33.6298713684082,351200,JBGS,1.0296095597609265,1.0251998980474868,1.0663799564172292,1.0254269547025365,0.0041826050583899654,0.0757301055737335,0.09909642366219407
2018-07-23,36.400001525878906,36.47999954223633,36.130001068115234,36.18000030517578,33.32592010498047,217700,JBGS,1.026207191006606,1.034550301676131,1.0842414141633825,1.0245017604647775,0.0017054305418284788,0.1139476172500491,0.10882866007693637
2018-07-24,36.27000045776367,36.27000045776367,35.83000183105469,35.900001525878906,33.06801223754883,199800,JBGS,1.031408139348297,1.0482248478730256,1.0915667743082746,1.028705132789729,0.002703006558568033,0.10797822432282,0.10620859097440083
2018-07-25,35.83000183105469,36.2400016784668,35.70000076293945,35.79999923706055,32.97589492797852,381700,JBGS,1.047499124581103,1.04272102056896,1.10510567899595,1.0275315155090796,0.01996760907202333,0.12337384217367542,0.1198488042066288
2018-07-26,35.93000030517578,36.09000015258789,35.279998779296875,35.400001525878906,32.60744094848633,392300,JBGS,1.067009872078869,1.0587669757699163,1.1233274585582682,1.0295081833374728,0.037501688741396144,0.14586344726764755,0.13737393635775008
2018-07-27,35.43000030517578,35.65999984741211,34.810001373291016,35.119998931884766,32.34953308105469,349900,JBGS,1.0832521642086377,1.0766627249524658,1.1253472191104117,1.0411669837331483,0.04208518047548937,0.1346118318076711,0.13043017174456162
2018-07-30,35.18000030517578,35.619998931884766,34.88999938964844,35.31999969482422,32.53375244140625,219300,JBGS,1.067717078492326,1.067717078492326,1.1411017235330645,1.0547896538977317,0.012927424594594283,0.10784392073840277,0.14271381306113984
2018-07-31,35.369998931884766,36.59000015258789,35.334999084472656,36.5,33.62067413330078,543700,JBGS,1.0345773475065063,1.0323721971557591,1.1044888396813146,1.039332918396705,-0.004755570890198735,0.06453091885865192,0.11183672447234294
2018-08-01,36.43999862670898,36.81999969482422,36.125,36.810001373291016,33.906219482421875,313400,JBGS,1.0239511169274886,1.0236779491989032,1.095463233063826,1.0441469543239128,-0.020195837396424166,0.05599688801211211,0.09710150494990144
2018-08-02,36.650001525878906,36.93000030517578,36.08000183105469,36.209999084472656,33.353546142578125,546900,JBGS,1.0281362055540662,1.084822298612261,1.115016620475804,1.036080044554326,-0.007943839000259745,0.12174057896643997,0.11221536829832868
2018-08-03,36.290000915527344,36.84000015258789,36.150001525878906,36.77999877929688,33.87858963012695,314200,JBGS,1.0113815127435672,1.0855185338611828,1.1027036272322623,1.0300075892155895,-0.0186260764720223,0.11972472628999142,0.09916672451524144
2018-08-06,36.810001373291016,37.36000061035156,36.65999984741211,37.34999847412109,34.40361404418945,1055200,JBGS,0.9924451425986958,1.0627564878800173,1.101364708731335,1.0208245578915283,-0.0283794152928325,0.08501334769712832,0.10393436002451129
2018-08-07,37.43000030517578,37.625,36.9900016784668,37.52000045776367,34.560211181640625,628700,JBGS,0.9675668826254846,1.0496275173978271,1.1082765841713988,1.0153550048561928,-0.04778812223070816,0.07755336832432913,0.10441424702958901
2018-08-08,37.470001220703125,37.59999847412109,36.88999938964844,36.900001525878906,33.98912048339844,363500,JBGS,0.9988213301752494,1.0706920190293112,1.129648742475346,1.0213436192153664,-0.022522289040116994,0.10739618271323093,0.12226610465068921
2018-08-09,36.77000045776367,37.150001525878906,36.68000030517578,36.81999969482422,33.91542434692383,278300,JBGS,1.0048176048634954,1.0658725806950502,1.1238337705867634,1.0211666951779201,-0.016349090314424775,0.12138606725023993,0.11621410488928752
2018-08-10,36.81999969482422,37.150001525878906,36.380001068115234,36.61000061035156,33.72199630737305,368600,JBGS,1.008107788003623,1.0683927263052262,1.1374879397883646,1.0270259004091946,-0.018918112405571508,0.118341474792102,0.12682686306922597
2018-08-13,36.31999969482422,36.875,36.31999969482422,36.7599983215332,34.069549560546875,382900,JBGS,1.0046247237750932,1.0479172395692906,1.1242377222675568,1.0361343742708915,-0.03150965049579835,0.09951797127339157,0.09958434154036011
2018-08-14,36.709999084472656,37.59000015258789,36.595001220703125,37.11000061035156,34.3939323425293,579100,JBGS,0.9916463355864352,1.0475201036183577,1.1139065476078904,1.0304608447362038,-0.03881450914976858,0.09643331097872931,0.09754323525141717
2018-08-15,37.02999877929688,37.43999862670898,36.959999084472656,37.09000015258789,34.37539291381836,507800,JBGS,0.99083329014683,1.0792698902700308,1.111515615444293,1.0307359015638238,-0.039902611416993805,0.11836952872743134,0.09056900418520675
2018-08-16,37.060001373291016,37.52999877929688,36.97999954223633,37.18999862670898,34.46807098388672,611100,JBGS,0.9986556506829986,1.0966510462284842,1.0911680665740109,1.0271667832483622,-0.02851113256536364,0.16247948217866037,0.07621161032521573
2018-08-17,37.220001220703125,37.54999923706055,36.86000061035156,37.540000915527344,34.79246139526367,874100,JBGS,0.998401427093618,1.0746378952781248,1.082606638682504,1.0197024215319765,-0.021300994438358534,0.1600238231232789,0.0758444904684552
2018-08-20,37.5,37.77000045776367,37.310001373291016,37.400001525878906,34.66271209716797,575000,JBGS,1.0021386385391624,1.0740885886966576,1.088816724190794,1.0223927591148063,-0.020254120575643908,0.15425941774821106,0.07895184099092356
2018-08-21,37.38999938964844,37.45000076293945,37.040000915527344,37.36000061035156,34.62563705444336,234100,JBGS,1.005085434977106,1.0741618589512305,1.109422564061773,1.0153576837490752,-0.010272248771969306,0.16020959080022235,0.11212730055248166
2018-08-22,37.220001220703125,37.27999877929688,36.869998931884766,36.900001525878906,34.19929885864258,230500,JBGS,0.99322498106834,1.068745488777031,1.1125917595718795,1.0093416701778264,-0.016116689109486382,0.14048625294882766,0.11736891814348605
2018-08-23,36.86000061035156,37.0099983215332,36.720001220703125,36.79999923706055,34.10661697387695,166600,JBGS,1.0038042265580045,1.0680968074046695,1.1079400213290802,1.0113582232611953,-0.007553996703190791,0.1409134850267263,0.12107573034462205
2018-08-24,36.790000915527344,37.33000183105469,36.70000076293945,37.27000045776367,34.54222106933594,241500,JBGS,0.9694124904638702,1.0554367757345195,1.0928856605318853,0.9990272938710923,-0.029614803407222112,0.113622326119725,0.1185488585764557
2018-08-27,37.43000030517578,37.58000183105469,37.09999847412109,37.540000915527344,34.79246139526367,679600,JBGS,0.9557804911609772,1.0593663708722034,1.0866371694514692,0.9932191999359588,-0.037438708774981566,0.12433082959935482,0.11973597914193812
2018-08-28,37.5,37.869998931884766,37.5,37.810001373291016,35.042701721191406,549900,JBGS,0.9740808910376112,1.0658998018121464,1.0876815243330402,0.9940396115641873,-0.0199587205265761,0.1256566035678246,0.10765815496315623
2018-08-29,37.66999816894531,37.84000015258789,37.400001525878906,37.47999954223633,34.73684310913086,645000,JBGS,0.9762543714045216,1.082262296900249,1.0988732222680404,0.9863033577406791,-0.010048986336157473,0.13545574949595396,0.12019678454570837
2018-08-30,37.5099983215332,37.56999969482422,37.34999847412109,37.52999877929688,34.78318786621094,413600,JBGS,0.9760191809702876,1.0634007530430334,1.0984843067779575,0.9878902855184554,-0.011871104548167755,0.14314695786941878,0.10924999986646167
2018-08-31,37.54999923706055,37.790000915527344,37.209999084472656,37.459999084472656,34.71831130981445,491600,JBGS,0.9727710541811148,1.0806919133823825,1.1051147447967558,0.9879708571431072,-0.015199802961992415,0.16241606614201798,0.11826249621022289
2018-09-04,37.40999984741211,37.61000061035156,36.75,37.0,34.291988372802734,540700,JBGS,0.9845942555480938,1.0707496874944034,1.133848063266239,0.9790277137708221,0.005566541777271672,0.17207857706545915,0.14365961663676352
2018-09-05,36.88999938964844,37.209999084472656,36.66999816894531,36.970001220703125,34.26417922973633,411400,JBGS,0.9837705876399956,1.040604870838816,1.1265829591559882,0.9747074081630952,0.009063179476900385,0.1418655299717415,0.1291643580514481
2018-09-06,37.0,37.150001525878906,36.720001220703125,36.84000015258789,34.143699645996094,565700,JBGS,1.0043430772981283,1.0330830474854886,1.11303430419931,0.9766839873062472,0.02765908999188116,0.1328947358264615,0.11463799167684963
2018-09-07,36.790000915527344,36.83000183105469,35.9900016784668,36.08000183105469,33.43931579589844,672000,JBGS,1.0285477296382946,1.0375609348754882,1.1322863463441812,0.9729456327900377,0.0556020968482569,0.12905028186510858,0.1380921038196279
2018-09-10,36.40999984741211,37.01499938964844,36.29499816894531,36.630001068115234,33.949058532714844,945300,JBGS,1.0027300281295377,1.03680919759691,1.1298800545016812,0.9403069119583949,0.06242311617114282,0.13878957003706816,0.1261686636400492
2018-09-11,36.52000045776367,36.869998931884766,36.5099983215332,36.77000045776367,34.07881546020508,669600,JBGS,0.971988089402687,1.0235613876980916,1.113233284345754,0.9210338084476081,0.05095428095507892,0.13811454442049131,0.1339117907159334
2018-09-12,36.79999923706055,37.0099983215332,36.540000915527344,36.68000030517578,33.99540710449219,586000,JBGS,0.9702833087139906,0.9975556830285428,1.1129393834526595,0.9287627078344606,0.04152060087953002,0.1336828503897085,0.1341015386372808
2018-09-13,36.86000061035156,37.1150016784668,36.7599983215332,36.93000030517578,34.22711181640625,515800,JBGS,0.974004706862086,0.9913473849676432,1.117696628963028,0.9265966228653494,0.04740808399673657,0.13054089669423485,0.13438720659821446
2018-09-14,36.86000061035156,36.900001525878906,36.595001220703125,36.79999923706055,34.10661697387695,653000,JBGS,0.995651976966383,0.9970359624845304,1.1180821275841375,0.9450727450922518,0.05057923187413116,0.1512028501747109,0.14187338440792363
2018-09-17,36.79999923706055,36.95000076293945,36.54999923706055,36.75,34.06028366088867,548300,JBGS,0.9926529049752936,0.9803292730553466,1.1368949720446395,0.9498029031390749,0.042850001836218676,0.14263280983463744,0.14621113670772856
2018-09-18,36.75,37.32500076293945,36.59000015258789,37.13999938964844,34.42173385620117,924400,JBGS,0.9816909295567738,0.9543281168147308,1.1230559128652664,0.9312963299920387,0.05039459956473513,0.1376536362135481,0.13166958602894452
2018-09-19,37.2599983215332,37.79999923706055,37.2599983215332,37.47999954223633,34.73684310913086,1000700,JBGS,0.9815902715281206,0.9056869302897907,1.1206730027437788,0.9281535809731143,0.05343669055500633,0.10705573168934868,0.11451035450702651
2018-09-20,37.40999984741211,37.630001068115234,37.209999084472656,37.47999954223633,34.73684310913086,695100,JBGS,0.981857126933672,0.9233978929404664,1.1292854040525782,0.9173105895814623,0.06454653735220972,0.09298349301692965,0.13050422772260395
2018-09-21,37.43999862670898,37.7599983215332,37.33000183105469,37.54999923706055,34.80172348022461,4153300,JBGS,0.990679117309614,0.9240942433478758,1.1252995841418612,0.9119866221941441,0.07869249511546994,0.0870600586339274,0.12112456224247925
2018-09-24,37.47999954223633,37.47999954223633,36.369998931884766,36.650001525878906,33.96759796142578,587000,JBGS,1.0150067348711345,0.9476125404041732,1.1631164001804952,0.8905498993775471,0.12445683549358733,0.10550702674288615,0.15195433732559227
2018-09-25,36.72999954223633,37.040000915527344,36.5,36.93999862670898,34.236366271972656,460400,JBGS,1.0124530103986047,0.9505498582818804,1.1632698812616311,0.9049442418293064,0.10750876856929825,0.09995591449355667,0.14485893567327213
2018-09-26,36.900001525878906,37.025001525878906,36.119998931884766,36.130001068115234,33.48566055297852,573300,JBGS,1.0268472607573536,0.9601341525723492,1.1921407508374566,0.8967353845070432,0.1301118762503104,0.10584098566571454,0.16685610198273748
2018-09-27,36.2400016784668,36.459999084472656,35.81999969482422,35.880001068115234,33.25395584106445,617400,JBGS,1.0381826993945964,0.9721656586166054,1.185266122348312,0.8940192753436789,0.14416342405091753,0.13347970758943795,0.16844365687916563
2018-09-28,35.95000076293945,36.83000183105469,35.83000183105469,36.83000183105469,34.13442611694336,530500,JBGS,1.0203639082333915,0.959140312478522,1.1686611791172128,0.9113153745879687,0.10904853364542277,0.09408284540753187,0.14576004658523734
2018-10-01,36.83000183105469,37.040000915527344,36.43000030517578,36.59000015258789,33.91199493408203,674700,JBGS,1.024323198226827,0.9695664459574348,1.176877927644478,0.9236523660614411,0.10067083216538597,0.08972258520389431,0.14772078271485833
2018-10-02,36.63999938964844,36.81999969482422,36.310001373291016,36.630001068115234,33.949058532714844,334100,JBGS,1.0223862081891408,1.0004520457344883,1.1888110646592824,0.9440697883215469,0.07831641986759397,0.10526488864739647,0.14790264566955913
2018-10-03,36.59999847412109,36.75,36.25,36.43999862670898,33.77296829223633,443500,JBGS,1.0277168688436658,1.0042841260304962,1.186428326082431,0.9398574419912977,0.08785942685236803,0.10402181231544305,0.149380462976634
2018-10-04,36.209999084472656,36.470001220703125,36.06999969482422,36.43000030517578,33.763694763183594,445900,JBGS,1.0716442867714766,1.0164662550347705,1.1513121190380693,0.9515964929494279,0.12004779382204867,0.10091929147163081,0.10280369823777535
2018-10-05,36.470001220703125,36.70000076293945,36.209999084472656,36.369998931884766,33.708091735839844,383200,JBGS,1.0910091628081835,1.0145375241020809,1.141839967389339,0.963805777686949,0.12720338512123452,0.091073104056976,0.09384569842597257
2018-10-08,36.380001068115234,37.060001373291016,36.150001525878906,37.0,34.291988372802734,436700,JBGS,1.0662159229291173,0.9866302001715568,1.140663727736514,0.9817406222856885,0.08447530064342879,0.06729170507210647,0.08871196937362469
2018-10-09,36.9900016784668,37.2599983215332,36.65999984741211,37.11000061035156,34.3939323425293,538400,JBGS,1.0547019835377864,0.9962096958539902,1.1269536719777582,0.985404470737889,0.06929751279989749,0.06386645666649993,0.07098612575377516
2018-10-10,36.95000076293945,37.59000015258789,36.720001220703125,36.72999954223633,34.04174041748047,619300,JBGS,1.06903699955109,1.0218956238336017,1.147950467052405,1.004670879558299,0.06436611999279096,0.05696768746187142,0.045539525531820946
2018-10-11,36.72999954223633,36.72999954223633,35.709999084472656,35.7400016784668,33.124202728271484,875800,JBGS,1.0913325573620478,1.052177562222521,1.1868044343914437,1.005569825537468,0.08576273182457972,0.05889512955399734,0.06206934291053967
2018-10-12,35.9900016784668,36.2400016784668,35.56999969482422,35.59000015258789,32.98517608642578,883900,JBGS,1.0922583974355564,1.0702167698678342,1.2028600882678189,0.9966747140918392,0.09558368334371725,0.07247129314649348,0.09474627019988024
2018-10-15,35.4900016784668,36.22999954223633,35.439998626708984,35.970001220703125,33.33736801147461,680700,JBGS,1.0709324238364857,1.0530213837871265,1.1960417159895007,0.9891317727722226,0.08180065106426304,0.0697406953563523,0.07943060120168588
2018-10-16,36.130001068115234,36.70000076293945,35.81999969482422,36.63999938964844,33.95832061767578,414900,JBGS,1.0609575183919964,1.0271589322363477,1.166187484343353,0.9777864585235492,0.0831710598684472,0.06675765148710266,0.07464990818248318
2018-10-17,36.54999923706055,36.81999969482422,36.29100036621094,36.47999954223633,33.81003952026367,354700,JBGS,1.0973168639998268,1.0358112890310711,1.176555626874979,0.9825023252332036,0.11481453876662318,0.06729991651554323,0.08080444732213743
2018-10-18,36.4900016784668,37.0099983215332,36.41999816894531,36.459999084472656,33.79150390625,243800,JBGS,1.1186079853334296,1.0510427579293404,1.1719445397731376,0.9779319429497442,0.14067604238368547,0.0562262398343405,0.06965903989772992
2018-10-19,36.52999877929688,36.9900016784668,36.5099983215332,36.790000915527344,34.097347259521484,403700,JBGS,1.0965456403624132,1.0421635155673572,1.1499167357971185,0.968237340120051,0.12830830024236217,0.04293752624513736,0.03682697317795558
2018-10-22,36.959999084472656,37.36000061035156,36.630001068115234,36.79999923706055,34.10661697387695,585300,JBGS,1.0916011853465752,1.0501034298212306,1.1581016112011784,0.9826563959246815,0.10894478942189378,0.04611234737144132,0.02709728895674024
2018-10-23,36.93999862670898,37.43999862670898,36.900001525878906,37.20000076293945,34.47734069824219,1101600,JBGS,1.078782119285313,1.0401678330715507,1.139954423686229,0.9881077347865406,0.09067438449877252,0.018757831958199356,0.005975472248174185
2018-10-24,37.18999862670898,37.77000045776367,37.18999862670898,37.20000076293945,34.47734069824219,1738500,JBGS,1.0601266116900725,1.0480316060096295,1.1204310276533775,1.0352093368410413,0.024917274849031168,-0.015096235053467133,-0.031316638353106496
2018-10-25,37.40999984741211,37.79999923706055,37.150001525878906,37.400001525878906,34.66271209716797,1047900,JBGS,1.0509612923262357,1.04134792885629,1.1133603884920051,1.0143747476211535,0.03658654470508216,-0.008771484856561207,-0.018188481517468658
2018-10-26,37.25,37.34000015258789,36.5,37.09999847412109,34.38465881347656,507100,JBGS,1.0602731476817815,1.0598287146766734,1.1212760707773428,1.0530815682361059,0.007191579445675611,-0.014524054702869993,-0.027367639522470455
2018-10-29,37.369998931884766,37.619998931884766,36.93999862670898,37.25,34.523681640625,397300,JBGS,1.067613933695875,1.0609770461922508,1.1313276117503128,1.055315029975959,0.012298903719915932,-0.023436002398247613,-0.027998098025453055
2018-10-30,37.34999847412109,37.91999816894531,37.18000030517578,37.58000183105469,34.82953643798828,550200,JBGS,1.0724233693458107,1.0452179619760638,1.1076287951157209,1.039498234163286,0.03292513518252482,-0.014039569416905318,0.0051316349447398935
2018-10-31,37.75,37.9900016784668,37.31999969482422,37.47999954223633,34.73684310913086,721600,JBGS,1.082262296900249,1.0687304216809583,1.1149139775676733,1.0407634740694096,0.0414988228308395,0.027210481820090227,0.0121971055372041
2018-11-01,37.45000076293945,37.59999847412109,37.11000061035156,37.45000076293945,34.70904922485352,448700,JBGS,1.0656721804894704,1.0698552738288,1.1190568746167748,0.9864869819371144,0.07918519855235606,0.044679454943893804,0.03145836145384262
2018-11-02,37.5,37.66999816894531,37.060001373291016,37.45000076293945,34.70904922485352,661200,JBGS,1.0809802952465326,1.0701248707380084,1.1242022959369555,0.988961756405294,0.09201853884123856,0.03857499691131627,0.02351014332450041
2018-11-05,39.68000030517578,40.22999954223633,38.0099983215332,39.040000915527344,36.18267059326172,3422600,JBGS,1.0147989419160852,1.0278334266378637,1.070103330813584,0.9641545570690643,0.05064438484702094,-0.014557364262163475,-0.019364405433009546
2018-11-06,39.2400016784668,40.38999938964844,39.0,39.68000030517578,36.77583694458008,1096800,JBGS,0.9695352917593524,1.0158312298086265,1.0400629008776978,0.9564908430667262,0.01304444869262622,-0.024844330547121984,-0.035583923803456985
2018-11-07,39.79999923706055,40.15999984741211,39.36000061035156,39.45000076293945,36.56266403198242,1046800,JBGS,0.9647348795990436,1.0363283793527651,1.050497444725089,0.9384431965267839,0.02629168307225971,0.014017850169820267,-0.019049631759777474
2018-11-08,39.59000015258789,39.744998931884766,38.11000061035156,39.13999938964844,36.27534866333008,1016700,JBGS,0.9564436742095818,1.0558760758473358,1.0564856854269449,0.9476590583772034,0.008784615832378329,0.019996626924224437,-0.011464594396565886
2018-11-09,38.90999984741211,39.209999084472656,38.83000183105469,39.040000915527344,36.39188003540039,619400,JBGS,0.9672129085453924,1.0550641289915328,1.0422539492760574,0.9499672718524811,0.017245636692911348,0.0055501303254061884,-0.022115258349970857
2018-11-12,39.040000915527344,39.40999984741211,38.68000030517578,38.77999877929688,36.14952087402344,353000,JBGS,0.9649300682328062,1.0543790983476815,1.050541873584639,0.9554368959668009,0.009493172266005323,-0.017957192229597574,-0.03855598371693314
2018-11-13,40.0,40.0,38.310001373291016,38.650001525878906,36.02833557128906,1639000,JBGS,0.9412677831550942,1.0646721114641873,1.0433781715966732,0.9321128663785744,0.009154916776519806,-0.004234014155692023,-0.03704412669021573
2018-11-14,38.66999816894531,39.14500045776367,38.04999923706055,38.29999923706055,35.70206832885742,695800,JBGS,0.9503919347654038,1.0728306394974807,1.033956104460234,0.9389238595591887,0.011468075206215178,-0.013282803177153468,-0.04555739872687048
2018-11-15,38.20000076293945,38.66999816894531,37.959999084472656,38.650001525878906,36.02833557128906,917100,JBGS,0.9438549725494282,1.06337486389065,1.0188524420060876,0.9146569716831342,0.029198000866293983,-0.010623324282654556,-0.04991732947790539
2018-11-16,38.56999969482422,39.79999923706055,38.56999969482422,39.79999923706055,37.10032653808594,643000,JBGS,0.8999999794357753,1.0298773508507626,1.0005618146200943,0.8964348880940413,0.0035650913417339947,-0.037369970452466594,-0.05350852542746298
2018-11-19,39.86000061035156,40.63999938964844,39.83000183105469,40.54999923706055,37.79944610595703,900200,JBGS,0.8690505240845148,0.9950002512892956,0.9830506883812912,0.8957911154576635,-0.02674059137314877,-0.09981664637343524,-0.09715295016405412
2018-11-20,40.34000015258789,40.720001220703125,39.869998931884766,40.11000061035156,37.38929748535156,853500,JBGS,0.841436103895574,1.007415282337793,0.993583148495416,0.8879637982276005,-0.046527694332026526,-0.10138165631836404,-0.1309525184160708
2018-11-21,40.060001373291016,40.25,39.880001068115234,39.93999862670898,37.2308235168457,941200,JBGS,0.8615422573143383,1.0137122167101766,1.0071541153812302,0.9212998027107722,-0.05975754539643385,-0.09125406952039872,-0.11403455307994692
2018-11-23,39.84000015258789,40.220001220703125,39.61000061035156,39.900001525878906,37.19353866577149,212600,JBGS,0.8646682590666338,1.032826249430388,1.0159985632913344,0.929240887735936,-0.06457262866930225,-0.06518380577755334,-0.11120389774032757
2018-11-26,40.04999923706055,40.380001068115234,39.11000061035156,39.209999084472656,36.55034637451172,873400,JBGS,0.8806516213509975,1.0410259236228656,1.0361921061250203,0.9146134017433241,-0.03396178039232656,-0.03689843381404856,-0.08189035141178702
2018-11-27,39.150001525878906,39.34999847412109,38.52999877929688,39.08000183105469,36.42916870117188,1061100,JBGS,0.8933328502459976,1.0373029987995417,1.034478089755393,0.9269017933347641,-0.033568943088766456,-0.0334612652051145,-0.09351959846347468
2018-11-28,39.04999923706055,39.4900016784668,38.93999862670898,39.11000061035156,36.457130432128906,468900,JBGS,0.8818775898507254,1.0354818835749813,1.0318798185793936,0.9053221834064322,-0.023444593555706827,-0.00420276470889136,-0.06804296634167617
2018-11-29,38.9900016784668,39.720001220703125,38.93999862670898,39.540000915527344,36.85796356201172,457100,JBGS,0.8771063498243755,1.0257425564272094,1.020913168511919,0.8896719965366943,-0.012565646712318745,-0.013598120228793809,-0.08053612931204635
2018-11-30,39.52000045776367,40.13999938964844,39.310001373291016,40.06999969482422,37.35200881958008,785300,JBGS,0.8765178946658898,1.0204350563569509,1.0280461681205482,0.9143339650597341,-0.03781607039384427,-0.027331956969036453,-0.07295094349126963
2018-12-03,40.18000030517578,40.369998931884766,39.900001525878906,40.33000183105469,37.59437561035156,525800,JBGS,0.8745971137903673,1.015348335995227,1.0176679377461912,0.9162245864028973,-0.04162747261252997,-0.02274232002499077,-0.0649338058279354
2018-12-04,40.41999816894531,40.59000015258789,39.42499923706055,39.68000030517578,36.988468170166016,813600,JBGS,0.9182430833188518,1.0329918458629344,1.0551775134961203,0.9618269940790171,-0.04358391076016521,-0.049215687232136984,-0.06733780349472651
2018-12-06,39.47999954223633,40.29999923706055,38.8849983215332,40.25,37.519798278808594,703000,JBGS,0.9039935580885337,1.022599254340614,1.0379800296677677,0.9694525250380055,-0.06545896694947184,-0.058716627428304635,-0.09478051325943038
2018-12-07,40.08000183105469,40.32500076293945,39.244998931884766,39.38999938964844,36.71813583374024,922000,JBGS,0.9346786156974242,1.0589291563740624,1.05884999115365,0.9991068404183747,-0.06442822472095056,-0.0524891763086186,-0.10661586433390058
2018-12-10,39.470001220703125,39.470001220703125,37.959999084472656,38.25,35.65547180175781,868700,JBGS,0.9591269503324537,1.0826231845790484,1.0898801609266335,1.002962635548684,-0.04383568521623038,-0.03657557236331921,-0.08679882689634821
2018-12-11,38.45000076293945,38.66999816894531,37.65999984741211,37.84000015258789,35.273277282714844,926200,JBGS,0.9591825302016572,1.0773909289368573,1.0790374662121902,0.999317577953094,-0.040135047751436725,-0.041700908267198855,-0.09394792202557456
2018-12-12,38.130001068115234,38.29999923706055,37.02999877929688,37.220001220703125,34.69532775878906,571400,JBGS,0.9875557053786338,1.091296239367436,1.0869872499387587,0.9999013279633359,-0.012345622584702065,-0.011843363630508641,-0.0700211628766807
2018-12-13,37.34999847412109,38.38999938964844,37.34999847412109,37.7599983215332,35.19869613647461,724000,JBGS,0.9883066527641812,1.089766619663954,1.060760082742982,1.01310217819441,-0.024795525430228893,-0.03874426673096654,-0.0955518624962377
2018-12-14,37.68000030517578,37.9900016784668,37.220001220703125,37.41999816894531,34.88175964355469,512400,JBGS,0.9991624056052224,1.0876077367956671,1.037520926189769,1.0368354288357888,-0.03767302323056643,-0.027628723555368495,-0.1317945050733893
2018-12-17,37.54999923706055,37.66999816894531,36.2400016784668,36.380001068115234,33.91231155395508,934800,JBGS,1.0409578995690507,1.1156664258318054,1.0793768530139063,1.0774525152860501,-0.03649461571699941,-0.027398011601210914,-0.13207080682052208
2018-12-18,36.47999954223633,36.77000045776367,36.06999969482422,36.400001525878906,33.93095779418945,638100,JBGS,1.0345997778251712,1.1274520374101848,1.0898652324499367,1.0611103771593748,-0.026510599334203633,-0.024623341877827443,-0.13321157640634174
2018-12-19,36.47999954223633,37.06999969482422,36.04999923706055,36.47999954223633,34.005523681640625,628700,JBGS,1.0257331330269508,1.121406017088863,1.081670283309686,1.0767260051985343,-0.05099287217158355,-0.04310700402965528,-0.16886165115772833
2018-12-20,36.369998931884766,36.66999816894531,35.55899810791016,35.81999969482422,33.39029312133789,423500,JBGS,1.048832380429027,1.159707256829465,1.1173659740902186,1.103472266160576,-0.0546398857315491,-0.034662674951415395,-0.156471492231826
2018-12-21,35.79999923706055,36.43999862670898,35.13999938964844,35.2400016784668,32.84962844848633,1863200,JBGS,1.0811786049848495,1.1768027087095576,1.148633550694184,1.141954602863601,-0.06077599787875143,-0.05155595408946656,-0.16576559159014526
2018-12-24,35.22999954223633,35.380001068115234,33.720001220703125,33.75,31.4607048034668,219400,JBGS,1.1295046157894129,1.2373734954806064,1.195159953608694,1.166284980250879,-0.03678036446146615,-0.036537087694207715,-0.15133734829541767
2018-12-26,34.0,34.4900016784668,33.29999923706055,34.40999984741211,32.075927734375,685300,JBGS,1.116584242253564,1.2229672741146114,1.175460295472017,1.1113287815869515,0.0052554606666124215,0.009572806334013917,-0.09842491303378886
2018-12-27,33.90999984741211,34.41999816894531,33.349998474121094,34.400001525878906,32.16007232666016,660800,JBGS,1.1151162970000843,1.2177324902112192,1.1776459954664984,1.1155736616231424,-0.00045736462305812076,0.007751401460844631,-0.08944287540982421
2018-12-28,34.529998779296875,34.86000061035156,34.0099983215332,34.43000030517578,32.1881217956543,451100,JBGS,1.1225676034256298,1.2274176950891826,1.177788064669469,1.125268657046021,-0.0027010536203913027,0.016000549401375963,-0.09108022116584591
2018-12-31,34.56999969482422,34.83000183105469,34.119998931884766,34.810001373291016,32.54337310791016,689400,JBGS,1.1091641708816613,1.2237862865649596,1.147311057841649,1.1192605847178094,-0.010096413836148121,0.01600029672768044,-0.11013903598345687
2019-01-02,34.470001220703125,34.7599983215332,33.83000183105469,34.38999938964844,32.150726318359375,999100,JBGS,1.1334689112162617,1.24163977257087,1.1563525436277606,1.1282955545492954,0.005173356666966278,0.032480402441611655,-0.11181250101664864
2019-01-03,34.2400016784668,35.06999969482422,34.09000015258789,34.58000183105469,32.32835388183594,961400,JBGS,1.1330250189859588,1.2192018015066992,1.1508714661219228,1.156797624498726,-0.023772605512767164,-0.004547758922180067,-0.1425187890263102
2019-01-04,34.939998626708984,35.47999954223633,34.779998779296875,35.02000045776367,32.73970413208008,783700,JBGS,1.1119360439367614,1.2184465233217714,1.1246394268720936,1.1153694690580063,-0.003433425121244893,0.027266661105165957,-0.12287182537237484
2019-01-07,35.13999938964844,35.529998779296875,34.90599822998047,35.16999816894531,32.87993240356445,697500,JBGS,1.129087509311976,1.2138187460502778,1.1221301972311597,1.0926917705380343,0.036395738773941755,0.037520398911163655,-0.0991982902273072
2019-01-08,35.33000183105469,36.36000061035156,35.25,36.33000183105469,33.96440505981445,847700,JBGS,1.0933110501243042,1.1882739105066342,1.0968180723114842,1.081303723883271,0.012007326241033178,0.01934506332122976,-0.1133938201997875
2019-01-09,36.400001525878906,36.66999816894531,36.10499954223633,36.27999877929688,33.91765594482422,1023500,JBGS,1.0950938613095258,1.1813672001088704,1.081978246175198,1.0765719272798775,0.0185219340296483,0.0241093311877405,-0.11222857074275616
2019-01-10,36.2599983215332,36.91999816894531,36.0,36.709999084472656,34.31965637207031,1051300,JBGS,1.083628515903401,1.1326614271112094,1.066839344950344,1.0832896482048868,0.00033886769851410037,-0.016812206267649676,-0.1201861961341566
2019-01-11,36.709999084472656,36.93999862670898,36.22999954223633,36.58000183105469,34.198123931884766,500700,JBGS,1.0924003826953608,1.1254782994842178,1.0819004659651774,1.0859071025850418,0.006493280110319022,-0.013400628863790232,-0.11230318915776416
2019-01-14,36.470001220703125,36.650001525878906,36.18000030517578,36.18999862670898,33.83351135253906,364300,JBGS,1.119922965318834,1.1561208318356495,1.0988387746790824,1.0927621499400229,0.02716081537881121,0.007919343463193229,-0.11557385451453728
2019-01-15,36.27000045776367,36.66999816894531,36.11000061035156,36.650001525878906,34.26356887817383,381500,JBGS,1.1178716651734932,1.131241421026011,1.0751700987387092,1.0960145102552552,0.02185715491823803,-0.006401913831801664,-0.12191019720104679
2019-01-16,36.630001068115234,37.220001220703125,36.61000061035156,37.209999084472656,34.787105560302734,362100,JBGS,1.1037356110400098,1.1233539319269354,1.0633124657111988,1.0938351035858227,0.009900507454187135,-0.023079800458541078,-0.13753328858345348
2019-01-17,37.02999877929688,37.38999938964844,37.02999877929688,37.27999877929688,34.852542877197266,573600,JBGS,1.0936160199028393,1.1279507157371325,1.0556520987239482,1.0858226358732557,0.007793384029583628,-0.00892938411829336,-0.12830850673285088
2019-01-18,37.470001220703125,37.9900016784668,37.345001220703125,37.7599983215332,35.30128860473633,776500,JBGS,1.0865995441333016,1.1239406091687063,1.0518190957206603,1.066978972170165,0.0196205719631366,0.010047786070458642,-0.11665891518094207
2019-01-22,37.72999954223633,37.970001220703125,37.27000045776367,37.54999923706055,35.10496139526367,455100,JBGS,1.0910786189270263,1.135819019826559,1.0477939007156165,1.0921354993188455,-0.0010568803918191705,-0.003970001407167523,-0.12791020197331138
2019-01-23,37.56999969482422,37.77000045776367,36.88999938964844,37.310001373291016,34.880592346191406,359300,JBGS,1.0983651325092647,1.1353525221304457,1.0329742606360768,1.093735096733343,0.004630035775921693,-0.006378311333780973,-0.1302976107506275
2019-01-24,37.22999954223633,37.56499862670898,37.13999938964844,37.459999084472656,35.02082061767578,359900,JBGS,1.091030573722689,1.1358783586685604,1.032596053068145,1.0815305230501042,0.009500050672584859,0.0016006482985373438,-0.11096677170520675
2019-01-25,37.59000015258789,38.209999084472656,37.540000915527344,37.9900016784668,35.51631546020508,422400,JBGS,1.0589628424762918,1.1150303172080134,0.997810402981014,1.071659144914872,-0.01269630243858022,0.0048762097367271995,-0.0991208012954079
2019-01-28,37.81999969482422,38.08000183105469,37.630001068115234,38.0099983215332,35.535011291503906,425400,JBGS,1.059984176552743,1.1033937751803755,1.0007242930708544,1.0717564169540592,-0.011772240401316303,-0.012124632113598155,-0.11417312311884009
2019-01-29,38.11000061035156,38.56999969482422,38.040000915527344,38.310001373291016,35.81547546386719,306400,JBGS,1.0537718723092977,1.1028452801057258,0.9936751316353976,1.0799450686516954,-0.026173196342397675,-0.025799608613428227,-0.12486980759756228
2019-01-30,38.34999847412109,38.72999954223633,38.2400016784668,38.36000061035156,35.86222076416016,745800,JBGS,1.0711679930765297,1.0959331633242442,1.013873745807124,1.0606854292749508,0.01048256380157886,-0.01619297077434423,-0.11596504754233128
2019-01-31,38.380001068115234,38.86000061035156,38.060001373291016,38.650001525878906,36.13334274291992,519700,JBGS,1.053040078909315,1.0690813342160626,0.9922180196046532,1.0491297846528118,0.003910294256503244,-0.014948006829029525,-0.1169398839495287
2019-02-01,38.7599983215332,38.810001373291016,37.959999084472656,38.61000061035156,36.09594345092773,326500,JBGS,1.0468790208759255,1.069153121296171,0.9918049825967904,1.033701269744067,0.013177751131858484,-0.00871642638983694,-0.09695056271726032
2019-02-04,38.5099983215332,39.0,38.33000183105469,38.97999954223633,36.44184875488281,409900,JBGS,1.035916106878124,1.0579785726219124,1.0005546941634742,1.0188657427648729,0.017050364113251115,-0.010796454916809584,-0.09404164656677594
2019-02-05,39.0,39.220001220703125,38.65999984741211,39.18000030517578,36.62883377075195,347700,JBGS,1.032159036386997,1.066307339834112,0.98692786701644,1.0118359015222647,0.020323134864732362,-0.0019286971061165392,-0.07020490044636862
2019-02-06,39.04999923706055,39.125,38.84999847412109,38.93999862670898,36.40445709228516,291400,JBGS,1.0469954030142898,1.059710831051606,0.9961274036723492,1.0285592028780797,0.018436200136210168,0.01876690703779138,-0.06335984866046307
2019-02-07,38.880001068115234,39.72999954223633,38.810001373291016,39.709999084472656,37.12432098388672,334500,JBGS,1.0282043066947335,1.043213475493731,0.9918399435753568,1.0380111047151712,-0.009806798020437713,-0.016024488029402706,-0.09212873247563846
2019-02-08,39.560001373291016,39.90999984741211,39.27999877929688,39.720001220703125,37.13365936279297,476100,JBGS,1.0289528871217704,1.045989024863047,0.988534743813824,1.0411920338578657,-0.012239146736095385,-0.014973603328518603,-0.10308683412923825
2019-02-11,39.7599983215332,39.93000030517578,39.52000045776367,39.72999954223633,37.14301681518555,363200,JBGS,1.0329725755403278,1.050533752347661,0.982939602759382,1.036831024960284,-0.003858449419956056,-0.016351477562646766,-0.09771247210308864
2019-02-12,39.81999969482422,39.97999954223633,39.52000045776367,39.77999877929688,37.18975830078125,292100,JBGS,1.0455003306981423,1.0411252476133113,0.9865349235291316,1.0266865901713607,0.01881374052678164,-0.002960320263177163,-0.08990829886228813
2019-02-13,39.68999862670898,39.97999954223633,39.54999923706055,39.959999084472656,37.3580436706543,302000,JBGS,1.033283240685591,1.02385403240028,0.9876594820460388,1.0273780778147723,0.005905162870818659,-0.008478293265378856,-0.0848527277975627
2019-02-14,39.86000061035156,40.61000061035156,39.5099983215332,40.52999877929688,37.890926361083984,799100,JBGS,1.002960672328738,1.0136723703168034,0.9555520609885612,1.0248943927666594,-0.0219337204379213,-0.03136155053563505,-0.08983371255438721
2019-02-15,40.619998931884766,40.9900016784668,40.43999862670898,40.970001220703125,38.30227279663086,638700,JBGS,0.9885283024279854,1.000577349552238,0.9480055745056302,1.0068242604495434,-0.018295958021558034,-0.028095655786490425,-0.09558619618766317
2019-02-19,41.0,41.31999969482422,40.880001068115234,41.06999969482422,38.39576721191406,634900,JBGS,0.999025853384228,0.9878583875960982,0.9299352622198024,1.018602516828689,-0.019576663444460962,-0.02409838142349896,-0.10500575453583993
2019-02-20,40.970001220703125,40.9900016784668,40.65999984741211,40.77000045776367,38.11529922485352,455500,JBGS,0.9953397305782988,0.9963606782711686,0.9328089112390016,0.9918611625488267,0.0034785680294721066,-0.017074854112144933,-0.1073643194236199
2019-02-21,40.68999862670898,41.09000015258789,40.5,41.02999877929688,38.35836410522461,374000,JBGS,0.9863514335310876,0.9799995325901516,0.9362654848158928,0.9945712384616437,-0.008219804930556185,-0.027844814156745334,-0.1205626440207671
2019-02-22,41.08000183105469,41.369998931884766,40.85499954223633,40.970001220703125,38.30227279663086,399900,JBGS,0.998779568498685,0.9637645182696726,0.944549145971834,0.9944907779035735,0.004288790595111447,-0.02769349724696446,-0.10388464865484881
2019-02-25,41.04999923706055,41.27000045776367,40.81999969482422,40.97999954223633,38.31162643432617,452200,JBGS,0.995363612041346,0.9581310190823348,0.9522166472853224,0.9897222410498856,0.005641370991460448,-0.034618977145536634,-0.08566901775702962
2019-02-26,40.9900016784668,41.119998931884766,40.68999862670898,40.869998931884766,38.20878601074219,405100,JBGS,1.0134570941246803,0.9715349248078414,0.9656686305510552,1.0000281637041895,0.01342893042049087,-0.013657460589912906,-0.0871747574522751
2019-02-27,40.58000183105469,40.619998931884766,39.72999954223633,40.22999954223633,37.61045837402344,433900,JBGS,1.02783995222406,0.9879903920702324,0.9822881940767734,1.0030742544286035,0.024765697795456454,0.0026340276122512885,-0.081418663512832
2019-02-28,40.310001373291016,40.91999816894531,40.095001220703125,40.290000915527344,37.66654968261719,1020600,JBGS,1.033506986994205,0.9862696803543832,0.9865993319870447,1.0182043788806252,0.015302608113579863,-0.025122094699785102,-0.08022138245880095
2019-03-01,40.4900016784668,40.4900016784668,39.900001525878906,40.369998931884766,37.74134063720703,983900,JBGS,1.0393857039443215,0.9935306083710528,0.9811367191898333,1.0101864486721943,0.02919925527212719,-0.017716562882840736,-0.07753794485725263
2019-03-04,40.540000915527344,41.130001068115234,40.27999877929688,41.09000015258789,38.41446304321289,667200,JBGS,1.0194692794654605,0.983707147113724,0.960006041635448,1.0217972965916944,-0.0023280171262338722,-0.03892530303046682,-0.10763512268645659
2019-03-05,41.150001525878906,41.16999816894531,40.58000183105469,40.70000076293945,38.04985809326172,456700,JBGS,1.0383289779119684,0.9953566790334836,0.9692051023495616,1.025853178306934,0.012475799605034421,-0.03729037092480647,-0.11132047534575462
2019-03-06,40.790000915527344,40.83000183105469,40.400001525878906,40.41999816894531,37.7880859375,371400,JBGS,1.0539336073782142,0.9972766789959944,0.9814244411422668,1.0439701731821824,0.00996343419603174,-0.050981383076828646,-0.11158324146444754
2019-03-07,40.40999984741211,40.68000030517578,40.220001220703125,40.380001068115234,37.75069808959961,355200,JBGS,1.0574538361957857,0.996521363576974,0.9713751421137924,1.051615733678982,0.005838102516803723,-0.05692507799151636,-0.12861144665795465
2019-03-08,40.310001373291016,40.56999969482422,40.22999954223633,40.43999862670898,37.80678176879883,426200,JBGS,1.0425321978875413,0.9952918128578856,0.9821895683516028,1.0447938742436944,-0.0022616763561531528,-0.059687177447665274,-0.12146954573961832
2019-03-11,40.58000183105469,40.84000015258789,40.41999816894531,40.77000045776367,38.11529922485352,489300,JBGS,1.0466027943001073,1.0074586929527585,0.9777126948505342,1.0378598344851322,0.008742959814975082,-0.038847216579064536,-0.11257531179999358
2019-03-12,40.77999877929688,40.95000076293945,40.59999847412109,40.83000183105469,38.17138671875,654000,JBGS,1.0455548448992644,1.0022845378957468,0.9737989686600576,1.0369816348467653,0.008573210052499114,-0.036224072624518655,-0.1111383818618209
2019-03-13,40.93999862670898,41.20500183105469,40.72999954223633,40.869998931884766,38.20878601074219,700400,JBGS,1.05627581067638,1.0214770985095751,0.9703709109758548,1.0381516152855237,0.018124195390856412,-0.011573563265126152,-0.10662427363512517
2019-03-14,40.90999984741211,41.11000061035156,40.59000015258789,41.040000915527344,38.36771774291992,538100,JBGS,1.0443468779215317,1.015040863037859,0.9734985559065356,1.0368706366121625,0.0074762413093691915,-0.028744335529566234,-0.10031978911660933
2019-03-15,41.540000915527344,41.63999938964844,41.18999862670898,41.59000015258789,38.88190460205078,2279900,JBGS,0.9997594346832788,0.9999252403053256,0.9611109290628608,1.033509193192778,-0.03374975850949924,-0.045174480112459836,-0.10980120930821102
2019-03-18,41.59000015258789,41.720001220703125,40.970001220703125,41.290000915527344,38.6014404296875,679500,JBGS,0.9970935265619516,1.0067031414539742,0.959030494303071,1.0209918251991643,-0.02389829863721271,-0.04161839436231629,-0.09611622370909001
2019-03-19,41.2400016784668,41.27000045776367,40.4900016784668,40.650001525878906,38.00310897827149,484800,JBGS,1.029274402554353,1.0015282635402896,0.9838337321540724,1.0253191175225083,0.003955285031844724,-0.044217047269098586,-0.0813667241791407
2019-03-20,40.58000183105469,40.83000183105469,40.209999084472656,40.5,37.86288070678711,376500,JBGS,1.0237036280290206,0.9960514942934516,0.9924723392521122,1.0305905868421654,-0.006886958813144828,-0.05039022783814906,-0.076363947275075
2019-03-21,40.38999938964844,41.09000015258789,40.209999084472656,41.02999877929688,38.35836410522461,462500,JBGS,1.0187669032058846,0.9733827992181328,0.9754614802074304,1.0288626554622844,-0.010095752256399804,-0.050184774610249505,-0.07047921349346309
2019-03-22,40.900001525878906,41.13999938964844,40.4900016784668,40.58000183105469,37.93767166137695,247800,JBGS,1.0362246538080486,0.9539477249826624,0.9773054819880236,1.055588179693563,-0.019363525885514266,-0.09236503978775779,-0.09998067038752256
2019-03-25,40.56999969482422,40.68999862670898,40.32500076293945,40.470001220703125,37.8348274230957,258000,JBGS,1.048678017614736,0.9674727391829122,0.9672156353796209,1.049775645573302,-0.0010976279585661608,-0.09011868211417473,-0.0935764529118912
2019-03-26,40.65999984741211,40.970001220703125,40.43999862670898,40.91999816894531,38.25552749633789,278000,JBGS,1.0422776903764956,0.9666621694643552,0.9541074962977854,1.0495013150566668,-0.007223624680171126,-0.09300487848178973,-0.08154536214108621
2019-03-27,40.869998931884766,41.0,40.5,40.790000915527344,38.13399887084961,391000,JBGS,1.0384897903777073,0.964566148947257,0.9700422113560822,1.0553202646750557,-0.016830474297348408,-0.10688549568859496,-0.07852083837450319
2019-03-28,40.90999984741211,41.470001220703125,40.83000183105469,41.41999816894531,38.72296524047852,450400,JBGS,1.02728166594145,0.9634896802706886,0.9601720738059812,1.0490338384171682,-0.021752172475718146,-0.10046247417591292,-0.09368874080515466
2019-03-29,41.52999877929688,41.59999847412109,41.22999954223633,41.34999847412109,38.65753173828125,529900,JBGS,1.0244256866104062,0.9760629731671312,0.9578835860838536,1.0324632338783333,-0.008037547267927048,-0.09059705508711058,-0.08535692208368661
2019-04-01,41.369998931884766,41.70000076293945,41.09000015258789,41.63999938964844,38.92864227294922,305300,JBGS,1.0072046691249603,0.9658845594914603,0.942710812736222,1.0212813420416047,-0.014076672916644384,-0.08796726333715987,-0.07006032314778876
2019-04-02,41.70000076293945,41.9900016784668,41.25,41.959999084472656,39.22780990600586,384700,JBGS,1.0069113765135531,0.9611543336864936,0.9381728787402142,1.0336972441913572,-0.02678586767780411,-0.08607977447660908,-0.0839566981264579
2019-04-03,42.0,42.130001068115234,41.7400016784668,41.88999938964844,39.1623649597168,426700,JBGS,1.003580786970498,0.9670810337517006,0.9378090913863864,1.0249207136838323,-0.02133992671333429,-0.07694349131918377,-0.08525323403937968
2019-04-04,41.970001220703125,42.27000045776367,41.79999923706055,42.2599983215332,39.50827026367188,485600,JBGS,0.9777568598037858,0.9595658180436224,0.938214647379475,1.0063768150467909,-0.02861995524300509,-0.08474159257578218,-0.09857250115700689
2019-04-05,42.25,42.59999847412109,42.119998931884766,42.59999847412109,39.826133728027344,999600,JBGS,0.969014237491262,0.9375093269446836,0.92194168645719,0.9978526240736149,-0.028838386582352826,-0.10036986096765499,-0.10586562066272587
2019-04-08,42.5,42.77999877929688,42.29999923706055,42.70000076293945,39.919620513916016,569500,JBGS,0.9658081573183877,0.9313108110522924,0.9249938531379194,0.9970067760311297,-0.0311986187127421,-0.11410127089665612,-0.11164275227406972
2019-04-09,42.54999923706055,42.650001525878906,42.08000183105469,42.15999984741211,39.41478729248047,480400,JBGS,0.9909375892222002,0.9439548602205696,0.9325229013728727,1.0096366937147183,-0.018699104492518104,-0.10879166812244834,-0.10942635426543512
2019-04-10,42.2400016784668,42.709999084472656,42.18999862670898,42.66999816894531,39.891578674316406,458500,JBGS,0.9670762291512428,0.9230109039222028,0.9296736894226812,0.9747325358921803,-0.007656306740937535,-0.12075208005512228,-0.11038915817443218
2019-04-11,42.650001525878906,42.84000015258789,42.54999923706055,42.68999862670898,39.9102783203125,407600,JBGS,0.970391426692563,0.9244627345578,0.9306596866445428,0.9836252853453007,-0.01323385865273774,-0.1104660272277147,-0.10520103527210123
2019-04-12,42.68000030517578,43.18000030517578,42.5099983215332,43.16999816894531,40.35901641845703,277700,JBGS,0.9623970947102016,0.9230347166705388,0.9261693475744608,0.9813274551009966,-0.018930360390794987,-0.10933684613531347,-0.10959678584427879
2019-04-15,43.209999084472656,43.209999084472656,42.59999847412109,42.86000061035156,40.06920623779297,736300,JBGS,0.9738149689515382,0.9158695501919192,0.9295642704968116,0.9921070743335895,-0.018292105382051282,-0.11336114827127042,-0.10473796392954526
2019-04-16,42.380001068115234,42.400001525878906,41.41999816894531,41.58000183105469,38.87255096435547,6317500,JBGS,0.9960549374566128,0.9418872395710156,0.9698563503034188,0.984238240605008,0.011816696851604802,-0.08819559164730784,-0.06681448956316549
2019-04-17,41.45000076293945,41.66999816894531,40.91999816894531,41.16999816894531,38.4892463684082,1922300,JBGS,0.993762862714296,0.9612806097292048,0.9797604989234096,0.9851225042245522,0.008640358489743871,-0.08542835529274284,-0.06825271987725612
2019-04-18,41.2599983215332,42.18000030517578,40.84999847412109,41.84000015258789,39.11562728881836,1698300,JBGS,0.9819345310338176,0.9504532263590332,0.9657630681396504,0.9960603425316994,-0.014125811497881835,-0.10543680061240546,-0.08507550532836883
2019-04-22,41.470001220703125,41.75,40.869998931884766,41.459999084472656,38.76036834716797,770100,JBGS,0.9887518677174764,0.9504338143519828,0.9721753153640098,0.9930065863727758,-0.004254718655299472,-0.10076726436031525,-0.08563088621055481
2019-04-23,41.52999877929688,41.970001220703125,41.41999816894531,41.79999923706055,39.07823181152344,639500,JBGS,0.9706063690755792,0.9465516036315064,0.96741331908907,0.967174065327414,0.0034323037481651664,-0.09943724559188405,-0.07929047600383565
2019-04-24,41.83000183105469,42.17499923706055,41.810001373291016,42.04999923706055,39.31195068359375,666400,JBGS,0.9660315687166487,0.9359026808490156,0.97176429581718,0.9699825032562136,-0.003950934539564854,-0.10474306732507466,-0.07436817758614966
2019-04-25,42.0,42.45000076293945,41.7599983215332,42.43999862670898,39.676551818847656,743100,JBGS,0.9474406713989176,0.9358315618639416,0.9594977199241994,0.9664471965417172,-0.019006525142799546,-0.11172997013420993,-0.08568218639522174
2019-04-26,42.5,43.040000915527344,42.41999816894531,42.650001525878906,39.87288284301758,1492600,JBGS,0.9258014183677932,0.9225007526952804,0.960227744017974,0.9508996027652467,-0.025098184397453482,-0.10703466169974307,-0.08941316634736973
2019-04-29,42.77999877929688,42.93999862670898,42.220001220703125,42.36000061035156,39.60176849365234,531000,JBGS,0.926917132099957,0.909826895612774,0.967995444915438,0.9509371245341641,-0.02401999243420716,-0.1067524377002822,-0.08362987499733632
2019-04-30,42.369998931884766,42.84000015258789,42.36000061035156,42.54999923706055,39.77939224243164,545400,JBGS,0.933175897150815,0.9090727410974891,0.9477467673590796,0.9392273716208749,-0.0060514744700599366,-0.09711059023907198,-0.10248782903983544
2019-05-01,42.709999084472656,42.81999969482422,42.2400016784668,42.36000061035156,39.60176849365234,377800,JBGS,0.9383109120707238,0.8948728905232705,0.9531913237622104,0.9512030495001947,-0.012892137429470929,-0.09107094631025203,-0.10558718230961694
2019-05-02,42.18000030517578,42.68000030517578,41.82500076293945,41.93999862670898,39.209110260009766,445700,JBGS,0.9474679652044236,0.9069511860416856,0.9564667104411732,0.9730573317075355,-0.025589366503111943,-0.09139188762760964,-0.10238405312557564
2019-05-03,42.040000915527344,42.34000015258789,41.77999877929688,42.25,39.49892807006836,278000,JBGS,0.9493213855704146,0.9010104586385296,0.9499275042984112,0.9685577099237417,-0.019236324353327117,-0.08826418449218032,-0.10094497199950103
2019-05-06,42.0099983215332,42.34000015258789,41.869998931884766,42.040000915527344,39.30259704589844,575000,JBGS,0.961477985895288,0.9251237025548046,0.966702514039682,0.9757631777316035,-0.014285191836315492,-0.0871033638402644,-0.08749326618164666
2019-05-07,41.77999877929688,41.90499877929688,40.95000076293945,41.31999969482422,38.62948226928711,558900,JBGS,0.9804216407921128,0.9281033985428512,0.966412142730248,0.9996107475822942,-0.019189106790181376,-0.09111407116676828,-0.10629599984268945
2019-05-08,41.119998931884766,41.72999954223633,41.04999923706055,41.27999877929688,38.59209060668945,517600,JBGS,0.9765000096375444,0.9276547604279464,0.9632824388621372,1.0062546732425057,-0.029754663604961373,-0.07872653972629262,-0.11155895057114706
2019-05-09,41.150001525878906,41.48500061035156,40.8849983215332,41.2400016784668,38.55469512939453,613300,JBGS,0.9757404904895496,0.9457230231836088,0.980250189920096,1.0047120161243328,-0.028971525634783224,-0.07412886334977264,-0.09802327674615985
2019-05-10,40.810001373291016,41.58000183105469,40.7400016784668,41.54999923706055,39.057594299316406,533600,JBGS,0.9634177690674828,0.925556666589183,0.9710375736640364,1.0003969532476458,-0.036979184180162994,-0.06017780719936938,-0.10949332318030214
2019-05-13,41.02000045776367,41.41999816894531,40.94499969482422,41.040000915527344,38.57819747924805,702900,JBGS,0.9953702362384892,0.9399992662940324,0.9858159408597392,1.0355430748618968,-0.04017283862340759,-0.07286139497092448,-0.125212939925624
2019-05-14,41.09000015258789,41.369998931884766,40.869998931884766,41.20000076293945,38.72859191894531,492700,JBGS,0.987864231633136,0.950754535744412,0.980514196154078,1.0187411547323868,-0.03087692309925083,-0.06796401483371617,-0.11918260613350995
2019-05-15,41.130001068115234,41.58000183105469,41.0099983215332,41.31999969482422,38.841400146484375,496500,JBGS,1.0048401891958785,0.9450718127212228,0.9757078149368889,1.0149267974711538,-0.0100866082752753,-0.07913989190532478,-0.11699263798196446
2019-05-16,41.33000183105469,41.70000076293945,41.310001373291016,41.5099983215332,39.01999282836914,368100,JBGS,0.9980730007272562,0.9356573271089822,0.9573496823740916,1.0155764066669875,-0.01750340593973121,-0.0724660343812068,-0.12103939638504413
2019-05-17,41.40999984741211,41.45000076293945,40.959999084472656,41.18999862670898,38.71919631958008,607900,JBGS,1.004127190085128,0.9475660356817558,0.9726468115040338,1.0290497520456616,-0.02492256196053355,-0.07840159804556313,-0.11879932900315138
2019-05-20,41.119998931884766,41.27999877929688,40.470001220703125,40.68999862670898,38.24918365478516,717500,JBGS,1.0159743981974696,0.9646487202190448,0.98509623315289,1.0446379624017454,-0.02866356420427585,-0.06899651625475633,-0.1261815932776832
2019-05-21,40.93999862670898,40.970001220703125,40.67499923706055,40.86000061035156,38.40898513793945,503700,JBGS,0.9909448949887698,0.9426636149606428,0.9881780987288808,1.0269267582642037,-0.035981863275433845,-0.05267425652496027,-0.11374340114914827
2019-05-22,40.869998931884766,40.93999862670898,40.63999938964844,40.77000045776367,38.32438659667969,375100,JBGS,0.9840569479464903,0.9474585597304058,0.9965630844070398,1.0251883365565806,-0.04113138861009025,-0.06151823213233676,-0.11630602857952133
2019-05-23,40.54999923706055,40.619998931884766,40.18000030517578,40.34999847412109,37.92958068847656,521500,JBGS,0.9843866224842132,0.9413649505803674,0.9999159208497383,1.0315939619299814,-0.04720733944576827,-0.07493265317294595,-0.12230453264097019
2019-05-24,40.459999084472656,40.68999862670898,40.29999923706055,40.400001525878906,37.9765853881836,354000,JBGS,0.9529702368599584,0.9362161028449671,0.9886612543587184,1.0262061090332957,-0.07323587217333727,-0.08378689864474342,-0.11825334901576767
2019-05-28,40.5,40.650001525878906,39.869998931884766,39.9900016784668,37.59117889404297,740600,JBGS,0.9737434472781534,0.9553733993539064,1.002592471795567,1.0459074063233282,-0.07216395904517481,-0.08733409936167158,-0.10665386320342818
2019-05-29,39.83000183105469,40.18000030517578,39.15999984741211,39.27000045776367,36.91437149047852,470100,JBGS,1.0017824958269093,0.9800621708585646,1.0227778971344177,1.0644748086933273,-0.06269231286641808,-0.07206826706030922,-0.10169307787069393
2019-05-30,39.2400016784668,39.5099983215332,38.994998931884766,39.04999923706055,36.707557678222656,298600,JBGS,1.0020488085110717,0.993827178455534,1.0311310815526589,1.070190523354997,-0.0681417148439254,-0.04619795692504225,-0.09402302315508004
2019-05-31,38.77999877929688,39.525001525878906,38.69499969482422,39.4900016784668,37.12117004394531,930800,JBGS,1.0050646936643903,0.9939618287444,1.017080097485462,1.0820596298155767,-0.07699493615118636,-0.06963177790026365,-0.13036780726453734
2019-06-03,39.59000015258789,39.869998931884766,39.22999954223633,39.52999877929688,37.15877151489258,384800,JBGS,1.015431453341969,0.9942284884152458,1.0191219561872258,1.0882635205145406,-0.07283206717257151,-0.08173519958469033,-0.12043114279899392
2019-06-04,39.61000061035156,39.72999954223633,39.04999923706055,39.52000045776367,37.149375915527344,289900,JBGS,1.0121455224148803,1.0003342408665987,1.0127238463966577,1.0615273897798907,-0.04938186736501038,-0.050134259895654676,-0.09777251008681054
2019-06-05,39.58000183105469,39.93999862670898,39.43000030517578,39.88999938964844,37.49717712402344,290500,JBGS,1.0055151449795825,0.987525407796404,0.9924248651530164,1.047279977293423,-0.04176483231384043,-0.05787690836960291,-0.11363289311524738
2019-06-06,40.040000915527344,40.22999954223633,39.709999084472656,40.20000076293945,37.78858184814453,360800,JBGS,1.0022387328955538,0.9759063400649098,0.9799901070557892,1.0447668278492974,-0.042528094953743656,-0.06901263818063852,-0.13076966733764983
2019-06-07,40.2400016784668,40.560001373291016,40.119998931884766,40.290000915527344,37.8731803894043,269400,JBGS,1.000992926531595,0.9737264266822264,0.9783031753806596,1.0378656899032048,-0.03687276337160972,-0.07396253088371896,-0.12226075781837464
2019-06-10,40.33000183105469,40.33000183105469,40.0,40.09000015258789,37.685176849365234,338700,JBGS,0.9907707737558564,0.9841044735251536,0.9867166963105264,1.033488437542036,-0.04271766378617947,-0.05908495494850641,-0.11546074394660344
2019-06-11,40.119998931884766,40.1349983215332,39.5099983215332,40.02000045776367,37.61937713623047,484600,JBGS,0.988255973061018,0.9747659986205208,0.9881897572567148,1.0434176593512368,-0.05516168629021878,-0.06972839323097935,-0.11690511659510883
2019-06-12,40.060001373291016,40.2400016784668,39.880001068115234,40.02999877929688,37.62878036499024,592500,JBGS,0.98875859563902,0.9868357758628992,0.994261244166887,1.0429082865131034,-0.05414969087408339,-0.060262319968444,-0.11268122423874805
2019-06-13,40.119998931884766,40.86000061035156,40.119998931884766,40.84999847412109,38.39958953857422,432100,JBGS,0.9588738456195384,0.970474225583342,0.986190747631038,1.0345098194162052,-0.07563597379666687,-0.07054488521795121,-0.1176543867355263
2019-06-14,40.81999969482422,40.900001525878906,40.54499816894531,40.70000076293945,38.25859069824219,372900,JBGS,0.964373343596636,0.9715793587961624,0.9885826072910664,1.0327814598604146,-0.06840811626377863,-0.07260898927664827,-0.12726109160990706
2019-06-17,40.70000076293945,41.56999969482422,40.70000076293945,41.52000045776367,39.02939987182617,580900,JBGS,0.954479787218134,0.9499683472020188,0.9680840884409572,1.0362360305179736,-0.08175624329983966,-0.09177887238255944,-0.14662611442917028
2019-06-18,41.66999816894531,41.91999816894531,41.150001525878906,41.43000030517578,38.944801330566406,342700,JBGS,0.9423123148596366,0.9590732662653664,0.9699427356607496,1.0211818473819212,-0.07886953252228457,-0.0683124902366622,-0.13400581390421917
2019-06-19,41.38999938964844,41.54999923706055,41.06999969482422,41.36000061035156,38.878997802734375,441600,JBGS,0.9417310576952512,0.9611827867945276,0.9744133966830116,1.017305083656913,-0.07557402596166185,-0.06253726535602244,-0.12744927951803764
2019-06-20,41.68000030517578,41.75,41.27999877929688,41.34000015258789,38.86019134521485,427400,JBGS,0.952104581481866,0.9526447815767716,0.9734081766838132,1.0182124014951701,-0.06610782001330406,-0.05267382305771107,-0.11832970566931778
2019-06-21,41.119998931884766,41.20000076293945,40.31999969482422,40.4900016784668,38.06118774414063,1414600,JBGS,0.9767843927423993,0.9823324692568648,1.0013812060561789,1.0334902234173287,-0.0567058306749294,-0.03486651514030725,-0.09125017060459184
2019-06-24,40.59000015258789,40.619998931884766,40.02000045776367,40.119998931884766,37.71337890625,497400,JBGS,0.9768195214081334,0.9964066566218264,1.011630800328858,1.0339344217234232,-0.05711490031528976,-0.023479867413470412,-0.09207615509126144
2019-06-25,40.20000076293945,40.54999923706055,39.709999084472656,39.720001220703125,37.33737182617188,443700,JBGS,0.990684699514741,1.002135522623748,1.009266770524189,1.0504564498504023,-0.05977175033566129,-0.018288581081924882,-0.10796513876218317
2019-06-26,39.75,39.75,38.47999954223633,38.5,36.190555572509766,553600,JBGS,1.01662324471545,1.0244853637087774,1.0473269227586786,1.0472753859585067,-0.030652141243056708,-0.003515833435802973,-0.06613082273520599
2019-06-27,38.54999923706055,38.95000076293945,38.5,38.93999862670898,36.60416412353516,379500,JBGS,1.014381023227196,0.999734252146982,1.0341863248864418,1.037785887388319,-0.023404864161123085,-0.001056457284606016,-0.06816996992043811
2019-06-28,39.02999877929688,39.619998931884766,38.79999923706055,39.34000015258789,36.98017120361328,1326100,JBGS,0.9946618211226794,0.9870123466468884,1.0184981014283905,1.0177841146895465,-0.023122293566867125,0.012237419586826337,-0.07122118245550535
2019-07-01,39.540000915527344,39.540000915527344,38.66999816894531,39.130001068115234,36.78276443481445,436800,JBGS,0.979555360859522,1.0056772284770743,1.0247443033001908,0.9991530471193941,-0.019597686259872127,0.0287774232994793,-0.06151509684472134
2019-07-02,39.18000030517578,39.68999862670898,39.09999847412109,39.68999862670898,37.30917739868164,487200,JBGS,0.9692618188439976,0.996556676700704,1.011311118170598,0.9900308614668376,-0.02076904262283996,0.008233509512110326,-0.0802683017706518
2019-07-03,39.86000061035156,40.27000045776367,39.86000061035156,40.13999938964844,37.73218536376953,189100,JBGS,0.939212735761024,0.9813747805387096,0.9926225823873304,0.9525258317006552,-0.013313095939631148,0.005246781401636813,-0.08647781259072118
2019-07-05,39.88999938964844,40.130001068115234,39.34999847412109,40.0,37.6005744934082,215200,JBGS,0.945750152306563,0.9760077469636336,1.0100871837768275,0.9643929056443962,-0.018642753337833162,0.01729912755313623,-0.0782012165217636
2019-07-08,39.869998931884766,40.16999816894531,39.790000915527344,40.11000061035156,37.7039794921875,513800,JBGS,0.943904271524358,0.9760897348731348,1.0080779071198007,0.9738381931141589,-0.029933921589800905,0.0024733080143023445,-0.09060224077904744
2019-07-09,40.02000045776367,40.380001068115234,39.95000076293945,40.290000915527344,37.8731803894043,502100,JBGS,0.9600398943336004,0.9697316550074851,1.0139282673532746,0.9920007326738394,-0.031960838340238995,-0.0080194165093328,-0.08519646302795025
2019-07-10,40.38999938964844,40.4900016784668,40.09999847412109,40.33000183105469,37.91078567504883,465400,JBGS,0.9456979890995096,0.9777491337616856,1.023013689257035,0.9810388553975538,-0.035340866298044116,-0.013857920600500395,-0.08627430732595909
2019-07-11,40.310001373291016,40.310001373291016,39.41999816894531,39.720001220703125,37.33737182617188,400500,JBGS,0.95882850921681,0.983394682015348,1.040005647865785,0.966091893467101,-0.0072633842502910495,-0.0054541015847019425,-0.0699055841680456
2019-07-12,39.72999954223633,39.93999862670898,39.29999923706055,39.54999923706055,37.17757415771485,410300,JBGS,0.9807542224517892,0.9932171324122874,1.0480775564808011,0.9709027016272971,0.009851520824492144,0.003530212987015391,-0.049546077991616144
2019-07-15,39.77000045776367,39.84999847412109,39.4900016784668,39.58000183105469,37.20578002929688,322000,JBGS,0.971623676649231,0.9878892949976172,1.0426558389840863,0.943868517966083,0.02775515868314804,-0.0002007521218281294,-0.055832743607876045
2019-07-16,39.52000045776367,39.63999938964844,39.15999984741211,39.16999816894531,36.82036209106445,483000,JBGS,0.9848756303849564,1.0072185339004835,1.0629209581157195,0.9448764493933882,0.039999180991568184,0.012602136077480064,-0.03865609610996201
2019-07-17,39.33000183105469,39.5,38.91999816894531,39.25,36.89556503295898,275400,JBGS,0.9979894439084732,1.0067033011230109,1.064124394344016,0.9678053813628821,0.03018406254559114,0.00728866355625557,-0.033281122930141516
2019-07-18,39.2599983215332,39.7599983215332,38.900001525878906,39.630001068115234,37.25277328491211,282900,JBGS,0.9853739522779522,1.0033960054235325,1.0413405599312937,0.9739839367274228,0.011390015550529431,0.0012194832970817693,-0.03613357722561639
2019-07-19,39.630001068115234,39.7400016784668,38.91999816894531,39.040000915527344,36.69816589355469,318900,JBGS,0.994854682915248,1.0149526974687857,1.0612479735356963,0.9718210842213412,0.023033598693906865,0.011249833221988359,-0.03189445422415438
2019-07-22,39.27999877929688,39.27999877929688,38.79999923706055,38.95000076293945,36.61355972290039,350700,JBGS,1.0020603197011886,1.0296947549105155,1.0697084035517723,0.9797792259190851,0.022281093782103523,0.02390797052727245,-0.020686682428985526
2019-07-23,39.11000061035156,39.38999938964844,38.83000183105469,39.36000061035156,36.998966217041016,264700,JBGS,0.99724478369392,1.019224240047254,1.062701559543366,0.9721811802165374,0.025063603477382568,0.019344975596146896,-0.020959976825221105
2019-07-24,39.40999984741211,39.72999954223633,38.88999938964844,39.54999923706055,37.17757415771485,812700,JBGS,0.973886908906514,1.0161079381457472,1.043189438652936,0.9381920732304816,0.03569483567603238,0.021665140087255508,-0.009992698748013895
2019-07-25,39.58000183105469,39.58000183105469,39.09999847412109,39.18999862670898,36.83916473388672,238100,JBGS,0.985656661592024,1.0228753445886714,1.0608208453701635,0.9521359277988415,0.033520733793182544,0.01757673116573355,-0.008840028018481494
2019-07-26,39.18999862670898,39.63999938964844,39.18999862670898,39.34999847412109,36.98956298828125,308500,JBGS,0.9652879073389908,1.0220397021964005,1.0637473454591055,0.9388045673908064,0.026483339948184415,0.022487717716819122,-0.014545314141925614
2019-07-29,39.400001525878906,39.63999938964844,39.040000915527344,39.13999938964844,36.79216003417969,258700,JBGS,0.9663550804968956,1.038317675226266,1.0691948983311703,0.9497848525428108,0.016570227954084804,0.034217826662078954,-0.023846037860704605
2019-07-30,39.06999969482422,39.560001373291016,39.06499862670898,39.5,37.13056945800781,301700,JBGS,0.9672249278680884,1.0252889077743017,1.0558440306913526,0.9611184895937201,0.006106438274368298,0.0295180496203844,-0.034028840053416776
2019-07-31,39.59000015258789,39.72999954223633,38.88999938964844,39.130001068115234,36.78276443481445,701600,JBGS,0.983568788663298,1.040896434189854,1.0702480020235663,0.9713406100738472,0.0122281785894508,0.02254797635004957,-0.02072031236324623
2019-08-01,39.18000030517578,39.20500183105469,38.2400016784668,38.33000183105469,36.03075408935547,496400,JBGS,1.012495280694648,1.0639336445022185,1.101345481102345,0.9733290342890444,0.03916624640560351,0.027731189887766128,-0.010978296766453344
2019-08-02,38.209999084472656,38.52000045776367,38.04999923706055,38.470001220703125,36.16236114501953,341400,JBGS,1.0203157341979416,1.0425422790863803,1.0968082900111458,0.9934093547508855,0.026906379447056095,-0.003816351197729828,-0.03333658911350357
2019-08-05,38.130001068115234,38.130001068115234,37.130001068115234,37.70000076293945,35.43854904174805,429500,JBGS,1.0424893296589894,1.0651695160916526,1.121368959730153,1.0379157998062003,0.004573529852789138,-0.010730434772942221,-0.05185378985855715
2019-08-06,37.65999984741211,38.119998931884766,37.310001373291016,37.83000183105469,35.56074905395508,497100,JBGS,1.0450227777469667,1.0545955781981986,1.1263910452189796,1.0255734153445348,0.01944936240243189,-0.010992992744823571,-0.03328984290286385
2019-08-07,37.630001068115234,37.970001220703125,37.0,37.86000061035156,35.58894729614258,779500,JBGS,1.0404751459065715,1.0542913183647145,1.1338296266577512,1.025769842013649,0.014705303892922572,-0.014217393654929689,-0.025673893091034072
2019-08-08,37.959999084472656,38.77999877929688,37.630001068115234,38.68000030517578,36.35976409912109,727400,JBGS,1.014256212090151,1.044944055989544,1.1111080802233106,1.0096805103859732,0.00457570170417787,-0.0016519370722287707,-0.023579137851381438
2019-08-09,38.58000183105469,38.880001068115234,37.93999862670898,38.13999938964844,35.85215377807617,671300,JBGS,1.0286164908234112,1.0412763752913123,1.110833334131339,1.0311593098765404,-0.0025428190531291417,-0.017434076411410482,-0.04289869468829455
2019-08-12,37.77999877929688,37.93000030517578,37.380001068115234,37.86000061035156,35.80013656616211,714200,JBGS,1.0359220572946166,1.0384061829400355,1.127675405877446,1.0473769330900449,-0.011454875795428254,-0.03628471437482883,-0.04475229229733113
2019-08-13,37.90999984741211,38.880001068115234,37.790000915527344,38.560001373291016,36.46206283569336,666200,JBGS,1.0057052966784612,1.036508751389236,1.0956621938750477,1.0342019941112954,-0.028496697432834228,-0.026771820685466574,-0.049949233867589315
2019-08-14,38.310001373291016,38.59999847412109,38.11000061035156,38.22999954223633,36.15001678466797,504200,JBGS,1.0272035802209885,1.0491389762686896,1.0903039199030022,1.0679784217810349,-0.040774841560046404,-0.05464251739818149,-0.053822274827145966
2019-08-15,38.27000045776367,38.71500015258789,38.060001373291016,38.34999847412109,36.26347732543945,474700,JBGS,1.0276403331575543,1.048741181199364,1.0565618230442635,1.069498933232119,-0.041858600074564656,-0.055501920225738965,-0.05032939807280057
2019-08-16,38.34999847412109,39.01499938964844,38.290000915527344,38.93999862670898,36.82138442993164,541200,JBGS,1.009501885779909,1.031301097487129,1.0444493942246085,1.0482526337704505,-0.03875074799054157,-0.053914939528460604,-0.029170545173863527
2019-08-19,39.209999084472656,39.209999084472656,38.619998931884766,38.81999969482422,36.70791244506836,324300,JBGS,1.0100463910610251,1.0324165865527757,0.9820189822897986,1.0347592845115243,-0.024712893450499207,-0.03857181345613836,-0.0391032576694631
2019-08-20,38.83000183105469,39.02000045776367,38.540000915527344,38.61000061035156,36.50934219360352,271000,JBGS,1.0230509664648526,1.0231840810055268,0.9609011039416636,1.0382631425000666,-0.015212176035213965,-0.0512736868879502,-0.05707960025535497
2019-08-21,38.79999923706055,38.93000030517578,38.52000045776367,38.79999923706055,36.688995361328125,419800,JBGS,1.018556738547277,1.0264686310798727,0.9903459211046184,1.030135969977335,-0.011579231430058012,-0.04257051808268697,-0.05294878002732717
2019-08-22,38.86000061035156,39.11000061035156,38.650001525878906,39.02000045776367,36.89702606201172,348700,JBGS,1.0033317708011324,1.021196848661347,0.993316401191274,1.0182153272701386,-0.014883556469006187,-0.05870740281593778,-0.024635565310103247
2019-08-23,38.88999938964844,39.2599983215332,38.18000030517578,38.290000915527344,36.20675277709961,484200,JBGS,1.032645505928904,1.0482828477156598,1.04395260416738,1.0531679495277058,-0.020522443598801843,-0.06464497557919735,-0.03900945035444847
2019-08-26,38.619998931884766,38.66999816894531,38.060001373291016,38.400001525878906,36.310768127441406,340200,JBGS,1.034895809804962,1.0518276226145515,1.027528588612881,1.0400220381622944,-0.005126228357332341,-0.05726347051639902,-0.009926745239990264
2019-08-27,38.61000061035156,38.70000076293945,37.65999984741211,37.7599983215332,35.7055778503418,1264200,JBGS,1.047934493183389,1.0621979501502297,1.0194975364858323,1.0403451871546723,0.007589306028716658,-0.048486365746739146,-0.0031974500639699865
2019-08-28,37.68999862670898,37.900001525878906,37.54999923706055,37.59999847412109,35.554290771484375,376700,JBGS,1.042819127706016,1.056018211344989,0.9399057588432358,1.0376918441745164,0.0051272835314994936,-0.03520700169540958,0.015001116706809148
2019-08-29,37.880001068115234,38.119998931884766,37.75,37.97999954223633,35.913612365722656,363400,JBGS,1.018957276501513,1.0494247301354565,0.9589974569118528,1.0061255072758946,0.01283176922561835,-0.01831382349577182,0.00803085862091657
2019-08-30,38.060001373291016,38.38999938964844,37.810001373291016,38.2599983215332,36.17837905883789,434300,JBGS,1.0088867027381538,1.043584710792819,0.8713478410092003,0.9877970758764808,0.02108962686167304,-0.028677900679491275,-0.0215346813758428
2019-09-03,38.27000045776367,38.79999923706055,38.19499969482422,38.58000183105469,36.4809684753418,507200,JBGS,1.0139968903932095,1.0375356036802066,0.7880904088529579,1.006579794190457,0.007417096202752438,-0.0483313877491065,-0.02160572375089942
2019-09-04,38.75,39.040000915527344,38.68000030517578,39.02000045776367,36.89702606201172,559500,JBGS,1.007688526885031,1.0232587088080292,0.8761505754453889,1.0063518641843596,0.0013366627006714538,-0.05880830925123437,0.013601235020273994
2019-09-05,39.06999969482422,39.27000045776367,38.77000045776367,39.06999969482422,36.94430923461914,393500,JBGS,1.0023036266683352,1.0250379747332117,0.7140032002960538,0.9877692663138891,0.014534360354446108,-0.03668392734952608,-0.025667265091653957
2019-09-06,39.150001525878906,39.369998931884766,38.90999984741211,39.29999923706055,37.16179275512695,694500,JBGS,0.9875317974477048,1.012385465801236,0.803764337401292,0.9690296845701092,0.018502112877595622,-0.04760129009766323,0.027153839650269962
2019-09-09,39.22999954223633,39.22999954223633,38.2400016784668,39.15999984741211,37.029415130615234,665800,JBGS,0.9938711485551875,1.0049613481515831,0.7916570645281223,0.974601100586469,0.019270047968718562,-0.05351412769592545,0.07575850786866056
2019-09-10,39.04999923706055,39.04999923706055,38.43999862670898,39.0,36.878116607666016,356100,JBGS,0.9958974393985048,1.0041845890565766,0.7443317872055677,0.9761899030612585,0.019707536337246312,-0.05823917054068928,0.012354561199523495
2019-09-11,39.0,39.150001525878906,38.7599983215332,39.0,36.878116607666016,487800,JBGS,1.0051282783323752,1.0047002408202348,0.6833848519613954,0.9814555571814548,0.02367272115092034,-0.044974926088796385,-0.013336672596846011
2019-09-12,39.220001220703125,39.27000045776367,38.59999847412109,39.220001220703125,37.08615112304688,679300,JBGS,0.9900561741352932,1.002654416127198,0.638546255098791,0.9786821553106511,0.011374018824642174,-0.053706554551512964,-0.03878586283783192
2019-09-13,39.209999084472656,39.31499862670898,38.65999984741211,38.77999877929688,36.67008972167969,632100,JBGS,1.0069624556478811,1.0137712626981152,0.6901306210732225,0.987396678943335,0.019565776704546067,-0.0437616152829301,-0.05978205538370873
2019-09-16,38.72999954223633,39.34000015258789,38.59999847412109,39.27000045776367,37.133426666259766,377300,JBGS,0.98981416752403,1.0075245228087673,0.7268510181261015,0.9826616262133097,0.007152541310720295,-0.04985063742723761,-0.04255380953888199
2019-09-17,39.20000076293945,39.43999862670898,39.02000045776367,39.40999984741211,37.265811920166016,430700,JBGS,0.9951789378021868,1.0161946825926766,0.7789356115855763,0.9869791412258752,0.008199796576311646,-0.04455934591898636,-0.033271728723621385
2019-09-18,39.47999954223633,39.52000045776367,39.09000015258789,39.310001373291016,37.17125701904297,469700,JBGS,0.999236778472412,1.0175006275513838,0.7981563843680901,0.9867204398181848,0.012516338654227188,-0.051696504941520116,0.009674159917519631
2019-09-19,39.52999877929688,39.52999877929688,39.16999816894531,39.209999084472656,37.07669448852539,416000,JBGS,1.0081611756570574,1.0190698366869757,0.7955487218235878,0.995011450677082,0.013149724979975463,-0.052020499613928406,-0.0121069173040802
2019-09-20,39.27000045776367,39.619998931884766,39.119998931884766,39.5,37.35091781616211,2099900,JBGS,0.9972151862277188,1.0113333045323107,0.8150585227587825,0.9960398818346243,0.001175304393094434,-0.06426467052923512,0.017759923045566395
2019-09-23,39.45000076293945,39.720001220703125,39.18999862670898,39.52000045776367,37.36982345581055,533800,JBGS,1.0088565296503007,1.0137649259539978,0.7501501335966988,0.9976146190139425,0.011241910636358154,-0.06339197439737299,-0.00475061899988749
2019-09-24,39.619998931884766,39.84999847412109,39.08000183105469,39.150001525878906,37.01995849609375,563000,JBGS,1.0186462858697354,1.0217955270512007,0.7500056674388121,1.0119348901247942,0.006711395744941173,-0.06652789002099602,-0.022225696815214357
2019-09-25,39.13999938964844,39.70000076293945,38.970001220703125,39.540000915527344,37.38874053955078,437200,JBGS,1.0103691025028072,1.0193913337851133,0.7211202181276358,1.0097773436008184,0.0005917589019888148,-0.057001673921103,-0.03006903425758589
2019-09-26,39.720001220703125,39.810001373291016,39.5,39.7400016784668,37.57786178588867,296100,JBGS,1.002767893932794,1.0152790465678412,0.7487969264662574,1.0188342190622592,-0.016066325129465264,-0.07046726825743299,-0.06647671128076227
2019-09-27,39.84999847412109,39.95000076293945,39.310001373291016,39.56999969482422,37.41710662841797,279600,JBGS,1.0103614455374683,1.0071160514116593,0.7558481425106564,1.0279220586600373,-0.017560613122568958,-0.09087805438515062,-0.07107306095438248
2019-09-30,39.5,39.709999084472656,39.13999938964844,39.209999084472656,37.07669448852539,530800,JBGS,1.0303494041267631,1.0222956421429112,0.8061251618278555,1.0229391089257944,0.007410295200968697,-0.06416884290798763,-0.05328206641896427
2019-10-01,39.290000915527344,39.290000915527344,38.56999969482422,38.70000076293945,36.59443664550781,507100,JBGS,1.0403100715395748,1.034461230737541,0.8630091883550234,1.0331074467465924,0.007202624792982393,-0.07213550789911993,-0.03382386771258572
2019-10-02,38.66999816894531,38.709999084472656,38.36000061035156,38.59999847412109,36.49988555908203,602800,JBGS,1.0489635173751122,1.0319000617251306,0.8338004348977544,1.0645124703401365,-0.015548952965024343,-0.09190686373716983,-0.05911739517260095
2019-10-03,38.72999954223633,39.34000015258789,38.400001525878906,39.119998931884766,36.9915885925293,628600,JBGS,1.0362986011418025,1.0189594377631384,0.8449528793230735,1.0604946631589243,-0.024196062017121767,-0.09861930996807078,-0.06394249928284146
2019-10-04,39.2599983215332,39.41999816894531,39.02999877929688,39.31999969482422,37.18070983886719,288500,JBGS,1.0139879138580237,1.0148054213220885,0.8216193686068106,1.0487397601702302,-0.034751846312206514,-0.09460815471270578,-0.049113906584837386
2019-10-07,39.2400016784668,39.5,39.13999938964844,39.15999984741211,37.029415130615234,324100,JBGS,1.019407462976094,1.0114612705275006,0.8249763393347859,1.0501054432696155,-0.030697980293521443,-0.09863926929339817,-0.04794292568162972
2019-10-08,38.93999862670898,39.130001068115234,38.65999984741211,38.810001373291016,36.69845199584961,396000,JBGS,1.0219016517088535,1.0349171785974192,0.8540477360375931,1.0730029298493442,-0.0511012781404907,-0.10623378722673471,-0.06893136407447653
2019-10-09,39.06999969482422,39.2400016784668,38.54999923706055,38.91999816894531,36.802467346191406,464500,JBGS,1.0195272455814153,1.0327717535630303,0.8079737064741646,1.0691769327565497,-0.049649687175134405,-0.1015753184366075,-0.09591651140156043
2019-10-10,39.0,39.209999084472656,38.790000915527344,38.84000015258789,36.72682189941406,412200,JBGS,1.034500602219675,1.0455761262588137,0.8135441469191654,1.062308334970296,-0.027807732750620984,-0.0845586179358031,-0.05863017509331403
2019-10-11,39.0,39.34999847412109,38.96500015258789,39.20000076293945,37.06723785400391,354900,JBGS,1.0071427733423457,1.0462946515955514,0.8112332321425005,1.0463310194455053,-0.03918824610315963,-0.07668185896617796,-0.06393952811876835
2019-10-14,39.2599983215332,39.2599983215332,38.810001373291016,38.83000183105469,36.71737289428711,174600,JBGS,1.0124657683824787,1.05756688223534,0.8327688278701443,1.0486679415024387,-0.03620217311995999,-0.06912553810095434,-0.0478343714549746
2019-10-15,38.709999084472656,39.04999923706055,38.59000015258789,39.04999923706055,36.9254035949707,240400,JBGS,1.0235026172617891,1.0552350762770986,0.822119795577851,1.0411449978382394,-0.01764238057645029,-0.05760631071815259,-0.06454845663787412
2019-10-16,38.93000030517578,38.9900016784668,38.65999984741211,38.869998931884766,36.75519180297852,276200,JBGS,1.031864880609576,1.0554379364811333,0.8527293235509595,1.0521863086694416,-0.020321428059865587,-0.06058862038231516,-0.06459789626859214
2019-10-17,38.88999938964844,39.27999877929688,38.619998931884766,39.220001220703125,37.08615112304688,372800,JBGS,1.0254771900835964,1.0553032160751916,0.8611089053264418,1.045139526059733,-0.019662335976136536,-0.05606441342935775,-0.054207843406402056
2019-10-18,39.16999816894531,39.33000183105469,38.79999923706055,39.27999877929688,37.14288711547852,238500,JBGS,1.0223743258169915,1.0570387453353438,0.8901785342903226,1.0489642593361574,-0.026589933519165942,-0.0463407448640929,-0.057814632829757295
2019-10-21,39.33000183105469,39.54999923706055,39.220001220703125,39.52999877929688,37.3792839050293,284800,JBGS,1.0138732930867238,1.0378161307227298,0.8686848482281677,1.0401557689402523,-0.026282475853528497,-0.04251004816069215,-0.05136104819296772
2019-10-22,39.63999938964844,39.63999938964844,39.14500045776367,39.38999938964844,37.24690246582031,198500,JBGS,1.0029230692339617,1.0456132351609762,0.8476348241488267,1.0392857492778664,-0.03636268004390475,-0.049504521272875524,-0.04717445061175485
2019-10-23,39.5099983215332,39.88999938964844,39.290000915527344,39.869998931884766,37.70079040527344,428600,JBGS,0.99892077697582,1.0388597188151496,0.8217011958673428,1.040533347199015,-0.04161257022319498,-0.05135296578511839,-0.07574865975733625
2019-10-24,39.9900016784668,39.9900016784668,39.56999969482422,39.880001068115234,37.710243225097656,325900,JBGS,0.9991748532246276,1.0426572659752442,0.8265677940469256,1.0483311387448295,-0.0491562855202019,-0.04569038050162755,-0.075078666185872
2019-10-25,39.79999923706055,40.08000183105469,39.63999938964844,39.95000076293945,37.77642822265625,314400,JBGS,1.0047248957473314,1.0266521887001578,0.8038523501887939,1.0472237990930433,-0.042498903345711936,-0.03788995660824357,-0.09078322433709629
2019-10-28,40.0,40.16999816894531,39.77999877929688,39.84999847412109,37.6818733215332,534300,JBGS,1.0135554723859714,1.0370968964910885,0.8127225572345711,1.0479818360763853,-0.03442636369041385,-0.03270038314127266,-0.0945480740952751
2019-10-29,39.7599983215332,40.22999954223633,39.7599983215332,39.97999954223633,37.80480194091797,433500,JBGS,1.0032162491112784,1.0408082417670017,0.8242474346392269,1.0403561361801832,-0.03713988706890481,-0.04399704710815633,-0.10710653753516097
2019-10-30,40.040000915527344,40.4900016784668,39.91999816894531,40.400001525878906,38.20195007324219,553400,JBGS,0.982828847065609,1.029737741966278,0.8046624704475909,1.028957528147249,-0.04612868108163992,-0.06354550738069742,-0.12404043629874695
2019-10-31,40.2599983215332,40.41999816894531,39.83000183105469,40.2599983215332,38.06956100463867,492600,JBGS,0.9899938946103328,1.029801476135522,0.769636773905286,1.028953970896263,-0.03896007628593012,-0.06996062292157901,-0.14460368818723213
2019-11-01,40.33000183105469,40.619998931884766,40.220001220703125,40.4900016784668,38.28704833984375,381500,JBGS,0.9861090077236389,1.028198355638097,0.7177188862496913,1.0210186331905924,-0.03490962546695353,-0.04831367508791451,-0.16102989181041583
2019-11-04,40.47999954223633,40.59999847412109,40.27000045776367,40.540000915527344,38.33433151245117,313300,JBGS,0.9873735149811698,1.0351636935192805,0.7035170261261813,1.0177477365123033,-0.03037422153113356,-0.04442643176671579,-0.18171400879025923
2019-11-05,40.5,40.5,39.810001373291016,39.869998931884766,37.70079040527344,613700,JBGS,1.0014432811941594,1.0520516165275529,0.6941344744671577,1.0255920535009635,-0.024148772306804123,-0.03433672569168911,-0.19980669938832074
2019-11-06,39.70000076293945,40.58000183105469,39.34999847412109,39.91999816894531,37.74806213378906,585100,JBGS,1.003212291575463,1.0527610326708456,0.7504207498654935,1.02472378454011,-0.02151149296464694,-0.044081626813048835,-0.1875236785648816
2019-11-07,40.02999877929688,40.04499816894531,39.54999923706055,39.65999984741211,37.5022087097168,473400,JBGS,1.0031958160016414,1.068078672530986,0.7260615143212085,1.0217537284366727,-0.018557912435031243,-0.02781928479707263,-0.20054080909951577
2019-11-08,39.72999954223633,39.72999954223633,39.43999862670898,39.68000030517578,37.5211181640625,526800,JBGS,0.9917916302017415,1.075442438828394,0.7470019121718563,1.0184480680698833,-0.026656437868141758,-0.01714014052216295,-0.18982462438661885
2019-11-11,39.619998931884766,40.34999847412109,39.619998931884766,40.18000030517578,37.993919372558594,491800,JBGS,0.9746937663292664,1.0633182454644527,0.7427761665353733,1.02732105527683,-0.05262728894756352,-0.027988287633214703,-0.1914369045524802
2019-11-12,40.290000915527344,40.43000030517578,39.43000030517578,39.47999954223633,37.33200073242188,585700,JBGS,0.9924850506214772,1.0667997089827062,0.7407239259540829,1.024242363400095,-0.03175731277861782,-0.02978595601851164,-0.19500885930566203
2019-11-13,39.20000076293945,39.56999969482422,39.08000183105469,39.09000015258789,37.17508316040039,310400,JBGS,1.0002558175927188,1.0859675379480722,0.8055142903319318,1.0310099359995386,-0.030754118406819853,-0.010995361261039838,-0.1492769755831993
2019-11-14,39.040000915527344,39.79999923706055,39.040000915527344,39.7400016784668,37.79324722290039,409400,JBGS,0.9836435313733658,1.057069891987432,0.7882612097193648,1.030070938868324,-0.04642740749495822,-0.026160312980889167,-0.18252048228568252
2019-11-15,39.83000183105469,39.95000076293945,39.5099983215332,39.880001068115234,37.9263916015625,566700,JBGS,0.9864592016878396,1.039236883354308,0.7857479087073092,1.0243368944408853,-0.037877692753045644,-0.0036925956619113798,-0.1714815559804247
2019-11-18,39.88999938964844,40.09000015258789,39.75,39.9900016784668,38.03100204467773,297100,JBGS,0.9957486755485356,1.0074571705441715,0.752942169489465,1.0296677569338806,-0.03391908138534494,-0.0017032275034845057,-0.21050339790699646
2019-11-19,40.18000030517578,40.18000030517578,39.790000915527344,39.93000030517578,37.973934173583984,430000,JBGS,0.9959931244116436,1.0127492317903242,0.7675166321953011,1.0348511569492849,-0.03885803253764131,0.01684178984501694,-0.20755433675659885
2019-11-20,39.91999816894531,40.02999877929688,39.720001220703125,39.84999847412109,37.897857666015625,462000,JBGS,0.9969888358939216,0.951184817331099,0.7891351179744202,1.0367429245182895,-0.03975408862436791,-0.008902354062296336,-0.19519486003828634
2019-11-21,39.77000045776367,39.77000045776367,39.09999847412109,39.27999877929688,37.35577774047852,515000,JBGS,1.0112017317578703,0.9391282778728778,0.8263704005670406,1.0414325601773815,-0.03023082841951119,-0.014410995353730915,-0.17680980929866796
2019-11-22,39.4900016784668,39.650001525878906,39.09999847412109,39.59999847412109,37.66010284423828,328900,JBGS,1.0059509520003809,0.9648087541289476,0.8191810578412276,1.0399834010172984,-0.03403244901691749,-0.017767699324018227,-0.1818338519114563
2019-11-25,39.810001373291016,40.11000061035156,39.560001373291016,39.619998931884766,37.67912673950195,537000,JBGS,1.0039199757586974,0.9726982633107216,0.8512317616949554,1.0272769628028116,-0.023356987044114152,0.02284533455032345,-0.16325733585704527
2019-11-26,39.630001068115234,39.970001220703125,39.60499954223633,39.90999984741211,37.95491790771485,360500,JBGS,1.0041849696481906,0.995869203089876,0.8529133776913246,1.019753497826135,-0.015568528177944296,0.015632150347372864,-0.17786861640096518
2019-11-27,39.81999969482422,40.16999816894531,39.81999969482422,40.15999984741211,38.19266891479492,377500,JBGS,0.9989355750746184,0.9768982735581048,0.8506301301670729,1.0184708296222131,-0.01953525454759475,0.03357926743994266,-0.15566084171918915
2019-11-29,40.13999938964844,40.31999969482422,39.81999969482422,39.880001068115234,37.9263916015625,198800,JBGS,0.9935922478137584,0.9597999472147748,0.8169847828081096,1.027957565839464,-0.03436531802570553,0.03218239670142531,-0.17696183755790584
2019-12-02,39.91999816894531,39.91999816894531,39.22999954223633,39.47999954223633,37.54597854614258,568400,JBGS,1.00951805408672,0.8900469222459076,0.760103451852907,1.0333786657950568,-0.023860611708336865,0.03588054659091766,-0.1813648829438399
2019-12-03,39.41999816894531,39.709999084472656,39.36000061035156,39.630001068115234,37.68863296508789,311800,JBGS,1.0044282053298583,0.9138315777903084,0.7866158177113841,1.0417166514803613,-0.037288446150502974,0.018418985540173738,-0.1789553172679682
2019-12-04,39.630001068115234,40.18000030517578,39.31999969482422,39.70000076293945,37.75520324707031,586400,JBGS,0.9975905549998484,0.8349565032887757,0.786759520273206,1.0344529937206122,-0.03686243872076378,-0.0021662728236507833,-0.1868721193722318
2019-12-05,39.630001068115234,40.005001068115234,39.630001068115234,39.79999923706055,37.85030364990234,261300,JBGS,0.9958421645134208,0.7595791470264246,0.8168458602552049,1.0367512645970387,-0.04090910008361792,0.00809074347225025,-0.17777178316697662
2019-12-06,40.0,40.15999984741211,39.68000030517578,39.70000076293945,37.75520324707031,655100,JBGS,0.9993638669131986,0.8562356400230365,0.7898208097157811,1.0330572442281234,-0.03369337731492483,0.05334389588529487,-0.19302688536589407
2019-12-09,39.81999969482422,39.994998931884766,39.56999969482422,39.81999969482422,37.86931991577149,281700,JBGS,0.9890280405934592,0.6965626814771313,0.7752324292361954,1.0340376238600335,-0.04500958326657434,-0.004330074803895356,-0.21339269602216704
2019-12-10,39.84999847412109,39.95000076293945,39.540000915527344,39.560001373291016,37.6220588684082,339000,JBGS,1.009510365482144,0.7939311305355078,0.7752071327082047,1.0438020196584652,-0.034291654176321185,0.05626558771988277,-0.21111218099139117
2019-12-11,39.59999847412109,39.68999862670898,38.90499877929688,39.130001068115234,37.21313095092773,1060400,JBGS,1.021374653659039,0.787748768630963,0.7829493278404676,1.044148768614289,-0.022774114955250058,0.10809906420403015,-0.20622290979575075
2019-12-12,39.20000076293945,39.40999984741211,38.75,38.93999862670898,37.03243637084961,1540600,JBGS,1.0369473881446845,0.7412300440747268,0.7815677363975537,1.0379600676281349,-0.0010126794834504071,0.04895248936550034,-0.20546481648166526
2019-12-13,38.970001220703125,39.06999969482422,38.52999877929688,38.959999084472656,37.05145263671875,1255100,JBGS,1.046740409784351,0.6801878054726868,0.7525716023035955,1.049983828710455,-0.0032434189261041357,0.013603852723563237,-0.20766259357287642
2019-12-16,39.02000045776367,39.18999862670898,38.66999816894531,39.09999847412109,37.1845932006836,2903100,JBGS,1.044278671172063,0.6368557748593053,0.766195482881224,1.044141152852935,0.00013751831912811596,-0.006819092163163232,-0.19970654488125705
2019-12-17,39.34000015258789,39.34000015258789,38.970001220703125,39.09000015258789,37.17508316040039,995700,JBGS,1.048147785197366,0.6807557547414247,0.7604324169016108,1.0401829423118683,0.007964842885497703,-0.030125817958918666,-0.1859246016209758
2019-12-18,39.0,39.55500030517578,38.869998931884766,39.34000015258789,37.41283798217773,452700,JBGS,1.0368853549678203,0.7214226568895744,0.7633232801950254,1.0376155592547895,-0.0007302042869692382,-0.007396500792927085,-0.1975309911526938
2019-12-19,39.31999969482422,39.84000015258789,39.15999984741211,39.81999969482422,37.86931991577149,614400,JBGS,1.0334786745325852,0.7665220305997198,0.75208731754072,1.034943648284932,-0.0014649737523466655,-0.0009366145679705618,-0.21798706915826327
2019-12-20,39.93000030517578,40.09999847412109,39.630001068115234,39.77000045776367,37.82177734375,2363700,JBGS,1.0380651982016291,0.7844283951832582,0.7565979966014279,1.0184381935354383,0.019627004666190828,0.045471112965580374,-0.20906588187608888
2019-12-23,39.880001068115234,39.97999954223633,39.560001373291016,39.72999954223633,37.78374099731445,531400,JBGS,1.0267067994739107,0.7806616319936807,0.7593989710625606,1.004497558926818,0.022209240547092834,0.02432269738974191,-0.21161676915138916
2019-12-24,39.810001373291016,39.91999816894531,39.595001220703125,39.720001220703125,37.774227142333984,235500,JBGS,1.031016572232253,0.8059247323370854,0.765964771572466,1.013647133004122,0.017369439228131167,0.06270137938442599,-0.21420371845830888
2019-12-26,39.59000015258789,39.70000076293945,39.43000030517578,39.61000061035156,37.88421630859375,303100,JBGS,1.033829819798774,0.7399645759994844,0.7408592384343357,1.009368571505801,0.024461248292973137,0.03616339882477415,-0.2309643457475965
2019-12-27,39.79999923706055,39.880001068115234,39.400001525878906,39.54999923706055,37.82682800292969,470400,JBGS,1.0394437275389985,0.7340075852585235,0.7267056545351206,1.0132043069838519,0.02623942055514661,0.021950115043660623,-0.25413898982122707
2019-12-30,39.470001220703125,39.84999847412109,39.43999862670898,39.84999847412109,38.1137580871582,478600,JBGS,1.0175656944501577,0.7074027355618538,0.7184550087761414,0.9989207364455843,0.01864495800457333,0.006441982063546181,-0.2577825244929949
2019-12-31,39.77999877929688,40.02000045776367,39.68999862670898,39.88999938964844,38.15201568603516,819300,JBGS,1.0243168853077622,0.7375281987721222,0.7361638791351781,1.003635286357499,0.020681598950263114,-0.01490204244385096,-0.24507972024609748
2020-01-02,40.119998931884766,40.18000030517578,39.0,39.400001525878906,37.68336868286133,821200,JBGS,1.0441622077267236,0.7505074926084194,0.7494086381199354,1.0150507088582201,0.029111498868503505,-0.00339057525968256,-0.2118978967901325
2020-01-03,39.27999877929688,39.77000045776367,39.06999969482422,39.630001068115234,37.9033432006836,475100,JBGS,1.037850133663656,0.7885440655289067,0.7422642448260056,1.029111122076935,0.00873901158672119,-0.0031275234593320933,-0.23985484863970252
2020-01-06,39.54999923706055,39.81999969482422,39.369998931884766,39.58000183105469,37.85552597045898,382700,JBGS,1.035623970698534,0.8342595765911139,0.741929616462737,1.0266874067249352,0.008936563973598766,0.023095878515835278,-0.2580517433409406
2020-01-07,39.380001068115234,39.59999847412109,39.209999084472656,39.380001068115234,37.66423416137695,1007800,JBGS,1.0452006000332406,0.8080244064563836,0.7375145250602804,1.0199620823962716,0.025238517636968938,0.012422478755072741,-0.26266822838342563
2020-01-08,39.27999877929688,39.63999938964844,39.13999938964844,39.40999984741211,37.69292831420898,773200,JBGS,1.052778597253814,0.829231123446826,0.7448745695642385,1.0232695215769656,0.02950907567684835,0.01487447517540097,-0.2643961105611372
2020-01-09,39.41999816894531,39.4900016784668,39.13999938964844,39.45000076293945,37.73118591308594,306900,JBGS,1.0512041042547349,0.809632419519798,0.7305898369872259,1.0249701162824836,0.026233987972251294,0.0235091043725123,-0.2771418758489774
2020-01-10,39.43999862670898,39.47999954223633,39.06999969482422,39.15999984741211,37.45381927490234,901100,JBGS,1.061031682286149,0.8156282038407082,0.7390861895152051,1.0345902593360599,0.02644142295008911,0.027849922436088304,-0.2773739213874854
2020-01-13,39.150001525878906,39.72999954223633,39.150001525878906,39.709999084472656,37.9798583984375,561800,JBGS,1.054646093606873,0.825232930421591,0.744319213610987,1.0265771375432877,0.02806895606358517,0.014688201150854563,-0.27207873367666513
2020-01-14,39.75,39.75,39.31999969482422,39.7400016784668,38.008548736572266,364900,JBGS,1.0616507119384109,0.7823352097757131,0.7371687642949973,1.02603594253187,0.03561476940654096,-0.015591049657378453,-0.27035728531980063
2020-01-15,39.810001373291016,40.33000183105469,39.7599983215332,40.150001525878906,38.40068817138672,443100,JBGS,1.05205478363405,0.7780821754510749,0.7223670368379905,1.0219015962939193,0.030153187340130616,0.007310755926622892,-0.27039825772669845
2020-01-16,40.27999877929688,40.54999923706055,40.27000045776367,40.54999923706055,38.78325271606445,348500,JBGS,1.0268805406461836,0.7753391751600824,0.7174767038232395,1.0174106968397891,0.009469843806394485,-0.0021434641909264807,-0.272912759109166
2020-01-17,40.59999847412109,40.77999877929688,40.5,40.59999847412109,38.8310775756836,547100,JBGS,1.0396552466006126,0.7874384512778536,0.7322196127958861,1.0167057038236287,0.02294954277698391,0.008043168223449637,-0.24579077569458263
2020-01-21,40.59000015258789,40.900001525878906,40.41999816894531,40.7400016784668,38.96498107910156,485200,JBGS,1.0252822573855278,0.7790868727358027,0.7376134619669652,1.0096671574983878,0.01561509988714005,-0.013015846793014929,-0.2499858023953947
2020-01-22,40.869998931884766,40.91999816894531,40.29999923706055,40.560001373291016,38.79282379150391,514100,JBGS,1.0160256756950767,0.8079388603312752,0.7304588435041682,0.9795819064254594,0.03644376926961734,-0.009243772344897816,-0.25925298192773427
2020-01-23,40.47999954223633,41.02000045776367,40.2599983215332,40.91999816894531,39.13713455200195,553200,JBGS,0.9789834169382426,0.8159824514977,0.7139423552558027,0.9454235464635514,0.03355987047469122,-0.00383494570833276,-0.27133038668266696
2020-01-24,40.959999084472656,41.09000015258789,40.83000183105469,41.04999923706055,39.26147079467773,494000,JBGS,0.97953723800808,0.8421437134813018,0.6957355108874631,0.9432939683900934,0.03624326961798663,-0.012265739780185414,-0.3122528020661556
2020-01-27,40.84999847412109,40.93999862670898,40.560001373291016,40.560001373291016,38.79282379150391,390700,JBGS,0.929240599112663,0.8370315535789756,0.7128304527368926,0.9204723459143687,0.008768253198294329,-0.008159888858605746,-0.3115539466928533
2020-01-28,40.59999847412109,40.84000015258789,40.41999816894531,40.720001220703125,38.94585418701172,294900,JBGS,0.9007856664167668,0.8106580862266248,0.7011264202811873,0.9016182453511679,-0.0008325789344010293,0.00023587138826164367,-0.32703944358321757
2020-01-29,40.77999877929688,41.02000045776367,40.56999969482422,40.95000076293945,39.16583251953125,270600,JBGS,0.927716700197758,0.7909645363904546,0.6957128934708654,0.933912869908151,-0.006196169710393051,-0.024985882002793725,-0.3333732870521442
2020-01-30,40.77999877929688,41.13999938964844,40.70000076293945,41.11000061035156,39.3188591003418,446800,JBGS,0.932133382839166,0.792751195450405,0.6956998421395213,0.9100288572281962,0.022104525610969872,-0.030305447568872768,-0.3343205295564
2020-01-31,41.040000915527344,41.09999847412109,40.35499954223633,40.54999923706055,38.78325271606445,349800,JBGS,0.9745993748080148,0.7829841099414102,0.7117646786888732,0.9603917770627003,0.014207597745314549,-0.050737953985422024,-0.3401294482132615
2020-02-03,40.630001068115234,41.119998931884766,40.630001068115234,40.86000061035156,39.07975387573242,429100,JBGS,0.954723318987131,0.783651517986733,0.7110472591061584,0.9205980590425482,0.03412525994458282,-0.05955405226774424,-0.3251652385274665
2020-02-04,41.08000183105469,41.31999969482422,40.76499938964844,41.13999938964844,39.34754943847656,571900,JBGS,0.9251338184133672,0.7919301573168608,0.7046043112738645,0.8875565666064313,0.03757725180693583,-0.0601620302885828,-0.31911166783272615
2020-02-05,41.25,41.31999969482422,40.90999984741211,41.130001068115234,39.337989807128906,514700,JBGS,0.849501533035861,0.7814246653823648,0.6810855821705863,0.8019131781579599,0.04758835487790103,-0.0613197054218978,-0.3364248876258067
2020-02-06,41.18999862670898,41.34999847412109,40.869998931884766,40.9900016784668,39.2040901184082,517100,JBGS,0.8785068808694111,0.7473642170270125,0.6846498877068347,0.8367853497309393,0.04172153113847177,-0.07579060965489348,-0.33525539120854375
2020-02-07,41.02000045776367,41.27000045776367,40.91999816894531,41.15999984741211,39.36668014526367,820400,JBGS,0.8007775196640148,0.6980354348108999,0.6815755708550381,0.7935212395670934,0.007256280096921364,-0.10848356209330001,-0.3537912654273666
2020-02-10,41.25,41.5,41.13999938964844,41.4900016784668,39.68230819702149,344000,JBGS,0.7245118206919715,0.6796191080991366,0.6751758883627642,0.7080264948218032,0.016485325870168266,-0.1301537626481899,-0.3463330065356428
2020-02-11,41.5,41.79999923706055,41.334999084472656,41.470001220703125,39.663177490234375,317500,JBGS,0.8150469191333579,0.6597912721794469,0.6686486243183914,0.7577791944221275,0.05726772471123043,-0.15128088310029542,-0.3423466534336298
2020-02-12,41.61000061035156,41.93999862670898,41.290000915527344,41.54999923706055,39.739688873291016,363000,JBGS,0.6637785995343807,0.7128120500069066,0.6654071539668603,0.6556544781362726,0.00812412139810803,-0.13049041147190288,-0.3357057264343325
2020-02-13,41.56999969482422,41.959999084472656,41.56999969482422,41.880001068115234,40.0553092956543,244200,JBGS,0.7457019869700356,0.6797828034527529,0.6601640016689113,0.6877233932900451,0.05797859367999059,-0.15387405269806353,-0.33669781576134894
2020-02-14,42.0,42.22999954223633,41.959999084472656,42.18999862670898,40.35180282592773,350200,JBGS,0.7264755483157802,0.6945996226312712,0.6695068899241,0.6328948362376976,0.0935807120780826,-0.15266660189317816,-0.33383340373737413
2020-02-18,42.15999984741211,42.36000061035156,41.9900016784668,42.2400016784668,40.39962768554688,241200,JBGS,0.6794506785313655,0.6985454916283619,0.6677532359128729,0.6494822674924952,0.02996841103887038,-0.14627344214822602,-0.33637697041298475
2020-02-19,42.27000045776367,42.34999847412109,41.59000015258789,41.63999938964844,39.82576751708984,448700,JBGS,0.6328050362803525,0.6943420772587506,0.6761563075246699,0.6212259546448674,0.011579081635485045,-0.14768771697235183,-0.3231537936118476
2020-02-20,41.61000061035156,42.209999084472656,41.61000061035156,42.209999084472656,40.37093353271485,867100,JBGS,0.5865909168649562,0.7417480377488495,0.6797697590040175,0.6024837075005126,-0.015892790635556375,-0.12052364320235065,-0.32188622552217705
2020-02-21,42.18000030517578,42.2599983215332,41.68999862670898,41.77000045776367,39.950103759765625,421300,JBGS,0.6334689878808482,0.7457039649831753,0.6769677866601482,0.672994196719796,-0.039525208838947834,-0.14337838769500288,-0.3437282364032366
2020-02-24,41.130001068115234,41.45000076293945,40.970001220703125,41.209999084472656,39.41450500488281,361800,JBGS,0.6847851818902245,0.7560816222872869,0.6814874573617662,0.7128334632909551,-0.028048281400730568,-0.15297030271474366,-0.36445493760440284
2020-02-25,41.150001525878906,41.25,39.810001373291016,40.060001373291016,38.31460571289063,611500,JBGS,0.7576136426089192,0.7473689120528747,0.6942101628603264,0.7790606018039337,-0.021446959195014492,-0.19524519104106963,-0.39693626578581276
2020-02-26,40.33000183105469,40.93000030517578,40.15999984741211,40.209999084472656,38.45807266235352,911800,JBGS,0.7714498946739653,0.7578545686363994,0.6931349267320223,0.7616966398962702,0.009753254777695064,-0.20682792754788482,-0.4218487169688424
2020-02-27,39.68999862670898,39.900001525878906,37.66999816894531,37.68999862670898,36.04786682128906,803300,JBGS,0.8182541578956948,0.8296338457005976,0.7478269754105196,0.8080501435920159,0.010204014303678899,-0.17976941235050692,-0.36898293591469966
2020-02-28,36.900001525878906,37.220001220703125,35.76499938964844,36.68000030517578,35.08186721801758,861000,JBGS,0.8677754724323957,0.8799334659997318,0.7692489241288616,0.8039945572893201,0.0637809151430756,-0.16070975262226406,-0.34801395347549
2020-03-02,36.84000015258789,38.02000045776367,36.33000183105469,37.9900016784668,36.33479690551758,718900,JBGS,0.7715187766359693,0.8490605566496996,0.7312347814145777,0.7365135258588363,0.03500525077713301,-0.15833274277162301,-0.328840249225254
2020-03-03,38.34999847412109,39.15999984741211,37.790000915527344,38.31999969482422,36.650421142578125,896500,JBGS,0.7575677936252717,0.875124171392743,0.7273213389110887,0.7619740946148655,-0.0044063009895938254,-0.18411306455560916,-0.3776415910546783
2020-03-04,38.83000183105469,39.59000015258789,38.75,39.52000045776367,37.798133850097656,531000,JBGS,0.7133097321768647,0.856451203677146,0.6959911103073163,0.7200387043581622,-0.006728972181297532,-0.18843223450752278,-0.3572266401383636
2020-03-05,38.810001373291016,39.31999969482422,38.54999923706055,39.0099983215332,37.31035232543945,483700,JBGS,0.7541656847143119,0.8707458628920163,0.6892192111288729,0.8035293557496315,-0.04936367103531958,-0.1893965305446098,-0.4005740392054471
2020-03-06,38.060001373291016,38.18999862670898,36.88999938964844,38.060001373291016,36.40174865722656,442300,JBGS,0.7769310977207231,0.8512031962274037,0.7357567723342939,0.8279168057463571,-0.05098570802563396,-0.21366018860435199,-0.40185544632017756
2020-03-09,35.0,36.119998931884766,34.34000015258789,34.939998626708984,33.41768264770508,648900,JBGS,0.8943904536916489,0.8540037978389874,0.8058142209492999,0.9535238275269462,-0.059133373835297265,-0.24495063061946887,-0.4530219292855563
2020-03-10,35.7599983215332,36.02999877929688,33.529998779296875,36.0099983215332,34.441062927246094,1051500,JBGS,0.9169674912316728,0.8607886144769276,0.78581623252011,0.9375149612826199,-0.020547470050947148,-0.21241736067777672,-0.425227287993707
2020-03-11,34.95000076293945,34.95000076293945,32.5,32.959999084472656,31.52395248413086,935400,JBGS,0.9654125848654648,0.9422760553085956,0.8468311548600737,0.9759973030416064,-0.010584718176141594,-0.2204050258507826,-0.4369620897918872
2020-03-12,30.76000022888184,32.209999084472656,29.13999938964844,30.059999465942383,28.750301361083984,1291200,JBGS,1.0871590144199352,1.0753926874545807,0.8967893721392558,1.1183169023040096,-0.031157887884074364,-0.2532574327522028,-0.5317800590005967
2020-03-13,32.25,33.810001373291016,31.209999084472656,33.79999923706055,32.32735061645508,1536300,JBGS,0.9449704587487452,0.9224339338345358,0.7738363482295723,1.0020290023992315,-0.05705854365048635,-0.29995123458634865,-0.530290383587168
2020-03-16,30.5,31.549999237060547,27.540000915527344,27.57999992370605,26.37835502624512,1450100,JBGS,1.1580855330731956,1.1129399404404454,0.9652845962593244,1.154696163181374,0.003389369891821703,-0.3084857613506453,-0.5659134246556627
2020-03-17,28.239999771118164,32.040000915527344,27.700000762939453,31.229999542236328,29.86932373046875,1930900,JBGS,1.0493116659072008,0.9764160931507072,0.839142374826055,1.1570109519637126,-0.1076992860565118,-0.3856740449345032,-0.5996867073922972
2020-03-18,29.14999961853028,31.1200008392334,28.32999992370605,30.64999961853028,29.314598083496094,1879300,JBGS,1.014355573438256,0.9939073966452066,0.8586642117281655,1.2579863744882274,-0.24363080104997126,-0.5231143024443623,-0.7361194650686897
2020-03-19,30.459999084472656,31.06999969482422,28.26000022888184,28.700000762939453,27.44955444335937,1190700,JBGS,1.0885018572109928,1.0544199370293743,0.927968660884724,1.1695174739874898,-0.08101561677649705,-0.39810141116107856,-0.6200465191737343
2020-03-20,28.790000915527344,29.209999084472656,26.020000457763672,26.350000381469727,25.20194625854492,1493900,JBGS,1.1931687680947622,1.1064173692155608,1.048861968422498,1.2321109934680623,-0.038942225373300055,-0.34035496838199686,-0.5788537846659563
2020-03-23,24.670000076293945,25.729999542236328,21.8799991607666,24.76000022888184,23.68122291564941,1607400,JBGS,1.2911952941180262,1.203091050011272,1.1084275729412432,1.2782648704797976,0.012930423638228605,-0.30134082732172307,-0.5482680747912139
2020-03-24,25.76000022888184,26.600000381469727,24.75,26.459999084472656,25.3071517944336,1281900,JBGS,1.1995464958567212,1.1170414816257412,1.0257060546707186,1.1633792784668344,0.03616721738988682,-0.19838819786182804,-0.46127202267747913
2020-03-25,26.239999771118164,29.0,26.049999237060547,28.21999931335449,26.99046897888184,870400,JBGS,1.161233243767004,1.0580805480744204,0.9825960818128808,1.1630380067850696,-0.001804763018065536,-0.2382139545556221,-0.46747727363863045
2020-03-26,28.46999931335449,30.84000015258789,28.38999938964844,30.350000381469727,29.02766799926757,838900,JBGS,1.1001646772707914,0.9811685607422056,0.9236689770020852,1.1093241340992537,-0.009159456828462309,-0.26315727902415187,-0.456251830672995
2020-03-27,29.3700008392334,31.299999237060547,28.90999984741211,31.020000457763672,29.668476104736328,909900,JBGS,1.114442167337648,0.9645214289121588,0.9109169077172578,1.1952960913430661,-0.08085392400541824,-0.3263362621920799,-0.5520513384823463
2020-03-30,31.26000022888184,31.36000061035156,29.950000762939453,30.84000015258789,29.49631690979004,912400,JBGS,1.1008431210318557,0.9727632817347271,0.9086641622315274,1.1443490799402438,-0.043505958908388154,-0.30221403260376944,-0.5181113856286182
2020-03-31,30.57999992370605,31.920000076293945,29.92300033569336,31.82999992370605,30.44318389892578,1269100,JBGS,1.037071934608592,0.9504172546625536,0.8743436813091113,1.1201491571206488,-0.08307722251205685,-0.35835682948367764,-0.6027241853626107
2020-04-01,30.43000030517578,30.43000030517578,28.59000015258789,29.309999465942383,28.032978057861328,825900,JBGS,1.1050836089271578,1.0012090611684252,0.9626764790451396,1.1936280309095093,-0.08854442198235146,-0.36886473679111176,-0.6278592748844833
2020-04-02,29.0,30.15999984741211,28.559999465942383,29.030000686645508,27.76517868041992,928400,JBGS,1.1226318013045316,0.9900519683038,0.9656684264217436,1.1939662404088118,-0.07133443910428028,-0.3827935722610185,-0.6225935152961785
2020-04-03,28.459999084472656,29.459999084472656,27.989999771118164,28.190000534057617,26.96177673339844,779400,JBGS,1.1262859606319755,1.015623735474403,0.9998438708815728,1.2106828272376642,-0.08439686660568868,-0.36658011318166617,-0.6315898693819947
2020-04-06,29.3700008392334,30.200000762939453,28.82999992370605,29.420000076293945,28.138187408447266,587900,JBGS,1.0883753101335814,0.9981501457988786,0.9228528778213666,1.1388974241006424,-0.05052211396706108,-0.2901420964400394,-0.5680168013837646
2020-04-07,30.690000534057617,31.530000686645508,29.34000015258789,29.56999969482422,28.28165054321289,1201400,JBGS,1.1017925198260288,0.9985358514081388,0.8965472799949824,1.1578204984735645,-0.056027978647535726,-0.25797408297575064,-0.5698983630693134
2020-04-08,29.6299991607666,31.39999961853028,29.459999084472656,31.25,29.88845634460449,805300,JBGS,1.0284798641800634,0.9413097850506816,0.8525711194123813,1.0946023996533671,-0.06612253547330371,-0.2740829347378856,-0.5482732082119286
2020-04-09,31.940000534057617,33.88999938964844,31.940000534057617,33.02000045776367,31.581335067749023,692900,JBGS,0.9277547656787184,0.8893270599234253,0.7982634681174304,1.0349884425663953,-0.10723367688767693,-0.32284629891700933,-0.5587464936941674
2020-04-13,32.59000015258789,32.81100082397461,31.299999237060547,31.81999969482422,30.43362045288086,794100,JBGS,0.9029270025498902,0.9127379311408098,0.8069965233101919,1.0242207536395156,-0.12129375108962537,-0.3229955604306328,-0.5626994069788809
2020-04-14,32.560001373291016,33.595001220703125,32.43000030517578,32.68000030517578,31.256149291992188,517700,JBGS,0.8628335708354264,0.8982713606648691,0.7910395927949725,1.0130380487332131,-0.15020447789778668,-0.31264272008464356,-0.5486295437058879
2020-04-15,31.559999465942383,32.29999923706055,31.270000457763672,31.940000534057617,30.54839134216309,487900,JBGS,0.8566545466124671,0.9023722610077136,0.8052357760024175,1.0554691201654947,-0.19881457355302756,-0.35010692063749516,-0.5721283923090267
2020-04-16,32.029998779296875,32.334999084472656,31.229999542236328,31.940000534057617,30.54839134216309,521200,JBGS,0.9272805489207616,0.9061557533627764,0.8198532669045723,1.1191469275195236,-0.191866378598762,-0.3657068345782817,-0.583695183177669
2020-04-17,32.869998931884766,33.36000061035156,32.52000045776367,32.77000045776367,31.34222984313965,728900,JBGS,0.8687611118430681,0.9019504508027,0.8006366099077095,1.059274009359354,-0.19051289751628586,-0.32471443809360767,-0.5508069224552828
2020-04-20,32.130001068115234,32.77000045776367,31.07999992370605,31.09000015258789,29.73542594909668,468000,JBGS,0.9425910717862886,0.9422671446761748,0.828230305376029,1.0996299435474195,-0.15703887176113085,-0.3003242730491491,-0.5143773267774682
2020-04-21,30.290000915527344,31.57999992370605,30.290000915527344,31.239999771118164,29.878890991210938,912300,JBGS,0.9445122240816938,0.9283942745754524,0.7849414598423098,1.1321504200906551,-0.18763819600896137,-0.3424191690227444,-0.5855569350500763
2020-04-22,31.559999465942383,31.89999961853028,31.030000686645508,31.440000534057617,30.07017517089844,585300,JBGS,0.9196057551737242,0.925371407519946,0.7466970775047584,1.1137589563145864,-0.1941532011408622,-0.33093859120276115,-0.5594940233393225
2020-04-23,31.63999938964844,32.28499984741211,31.280000686645508,31.96999931335449,30.577083587646484,680400,JBGS,0.9793301785680646,0.9298753592838164,0.7298736501164791,1.1400400982322514,-0.1607099196641868,-0.3072953791252536,-0.5800536199780828
2020-04-24,32.20000076293945,32.31999969482422,31.299999237060547,31.739999771118164,30.35710525512696,308900,JBGS,0.981350182264666,0.9467666415387008,0.7466744819289128,1.150698834444404,-0.16934865217973805,-0.29569640887744986,-0.5298045299639662
2020-04-27,31.979999542236328,33.04999923706055,31.89999961853028,32.77000045776367,31.34222984313965,404800,JBGS,0.95081246723309,0.9041016336368098,0.741789110568753,1.0982745432715075,-0.14746207603841754,-0.2896994446978186,-0.5135184853538078
2020-04-28,33.77000045776367,34.279998779296875,33.31999969482422,33.38999938964844,31.93521499633789,351600,JBGS,0.8966636107087931,0.8749481731444014,0.752333089453959,1.0867168009353638,-0.19005319022657075,-0.3042104934567348,-0.5177887398235774
2020-04-29,33.75,34.70000076293945,33.689998626708984,34.56999969482422,33.06380081176758,465600,JBGS,0.8814965416118208,0.8261481974512306,0.7040462870567756,1.0621793642564419,-0.1806828226446211,-0.3232720295228475,-0.527514426744695
2020-04-30,33.88999938964844,34.52000045776367,33.47999954223633,33.95000076293945,32.47081756591797,599200,JBGS,0.9210279451552684,0.8516171818003461,0.7297588236883564,1.1015967726975993,-0.18056882754233083,-0.3335631772407729,-0.5684222617135636
2020-05-01,32.9900016784668,33.334999084472656,32.58000183105469,33.0099983215332,31.5717716217041,414500,JBGS,0.977762964485373,0.8648854951225181,0.7287091091659301,1.1717589994825794,-0.1939960349972064,-0.37733488366804313,-0.6142241454950224
2020-05-04,32.540000915527344,32.70000076293945,31.81999969482422,32.38999938964844,30.978784561157227,528500,JBGS,0.9958571107090622,0.8795753304512645,0.8802218718917015,1.1726715956239289,-0.17681448491486662,-0.3567609411153715,-0.4936700459150879
2020-05-05,32.970001220703125,33.11000061035156,32.349998474121094,32.59000015258789,31.170072555541992,335600,JBGS,1.0289892452589462,0.8775765285907345,0.9128150950046492,1.199456117160557,-0.1704668719016107,-0.3553103027258747,-0.45668033068295655
2020-05-06,32.869998931884766,33.369998931884766,31.690000534057617,31.75,30.366670608520508,1971500,JBGS,1.0660456541318286,0.9090410260587968,0.9149075983923252,1.241846991780565,-0.1758013376487364,-0.34537410357142473,-0.47091024417485894
2020-05-07,32.189998626708984,32.7400016784668,31.68000030517578,32.02000045776367,30.624908447265625,605000,JBGS,1.0608304343623476,0.9073513453185148,0.897767925207047,1.1857653446877672,-0.12493491032541959,-0.31499739094705215,-0.4378838138509944
2020-05-08,32.70000076293945,33.220001220703125,32.310001373291016,32.58000183105469,31.160511016845703,540800,JBGS,0.9943766579613176,0.8897303692299519,0.9350884080767912,1.1243771196277146,-0.130000461666397,-0.30237239631958457,-0.38770430088709884
2020-05-11,32.13999938964844,32.93000030517578,31.834999084472656,32.13999938964844,30.739675521850582,565100,JBGS,0.9284036806384636,0.8715946812829606,0.9803563354519358,1.0573369744033387,-0.12893329376487517,-0.3288705979732093,-0.38030761108321776
2020-05-12,31.86000061035156,32.189998626708984,30.229999542236328,30.420000076293945,29.299734115600582,1044800,JBGS,1.011834261747503,0.9160859887436767,1.0438974087099184,1.114546628139541,-0.10271236639203818,-0.32000016276510124,-0.3572668535257868
2020-05-13,30.09000015258789,30.18000030517578,28.40999984741211,28.530000686645508,27.479337692260746,1168500,JBGS,1.0809673044939618,0.9764197300953342,1.098096860246627,1.1712625506774148,-0.09029524618345297,-0.30511429740358753,-0.34192107158102614
2020-05-14,27.979999542236328,28.31999969482422,27.05500030517578,28.0,26.968854904174805,736500,JBGS,1.1464284989363445,0.9934621912724028,1.1294035049602718,1.1765211541107627,-0.03009265517441828,-0.2623334984176183,-0.29813412679622586
2020-05-15,27.81999969482422,27.89999961853028,26.69499969482422,27.170000076293945,26.169418334960938,934400,JBGS,1.1394920902673351,1.0134244760614772,1.2001719785964051,1.1588394452292876,-0.0193473549619525,-0.23039048385638794,-0.21859087721228976
2020-05-18,28.31999969482422,29.59000015258789,27.90999984741211,29.40999984741211,28.326929092407227,513700,JBGS,1.0363821922262368,0.9334959390212512,1.1108338171799708,1.0963411429637036,-0.05995895073746671,-0.23988397694562202,-0.25347821962982486
2020-05-19,29.209999084472656,29.209999084472656,28.26000022888184,28.270000457763672,27.228910446166992,398300,JBGS,1.071100088254304,0.9711396027022252,1.1739548442534635,1.1004426756785022,-0.029342587424198152,-0.21217801492055077,-0.22947376318874113
2020-05-20,28.5,29.1299991607666,28.3700008392334,29.100000381469727,28.02834701538086,364300,JBGS,1.039518878829332,0.963874537374329,1.1230163391091592,1.0815042987078813,-0.041985419878549424,-0.2135957035468693,-0.24430790210334474
2020-05-21,28.8799991607666,29.559999465942383,28.8799991607666,29.299999237060547,28.220977783203125,761000,JBGS,1.0255972592444405,0.9559194696916448,1.1118838842059164,1.0852165557818936,-0.059619296537453126,-0.22344040008207522,-0.2629026444820808
2020-05-22,29.46999931335449,29.5,28.540000915527344,28.709999084472656,27.652706146240234,332600,JBGS,1.0083595772156428,0.9738086307459892,1.0876740638800628,1.0467790286512277,-0.038419451435584895,-0.20300537148913178,-0.26759282397598483
2020-05-26,29.86000061035156,31.11000061035156,29.86000061035156,31.09000015258789,29.94506072998047,480000,JBGS,0.9514312760974064,0.9164429488308032,1.0200940952504218,1.0266648888101892,-0.07523361271278284,-0.23112254108975905,-0.30593480011998175
2020-05-27,31.81999969482422,31.89999961853028,30.489999771118164,30.93000030517578,29.790950775146484,542100,JBGS,0.9489169563451988,0.9078237725012258,1.036209400348472,0.98170303926403,-0.03278608291883123,-0.22276201068145995,-0.25847731391779405
2020-05-28,31.31999969482422,31.31999969482422,30.52499961853028,30.940000534057617,29.800582885742188,562000,JBGS,0.9583064304297312,0.9013411214785784,1.0480226429856256,1.0119748096323817,-0.05366837920265055,-0.2324697498018703,-0.27198422474573536
2020-05-29,30.450000762939453,30.450000762939453,29.6299991607666,29.729999542236328,28.63514518737793,971200,JBGS,0.994618153537356,0.9288721428798372,1.115620176908603,1.026394901998446,-0.03177674846108991,-0.2151013851553445,-0.22550056142053743
2020-06-01,29.88999938964844,30.61000061035156,29.530000686645508,30.26000022888184,29.145626068115234,581300,JBGS,0.9818241989144216,0.9146015019467038,1.0729164798842357,1.0098711599508365,-0.028046961036414908,-0.22793380612804492,-0.2448159918898063
2020-06-02,30.65999984741211,31.479999542236328,30.34000015258789,31.049999237060547,29.906530380249023,591700,JBGS,0.95942035640498,0.9013940056640348,1.048562992697215,1.004165475686864,-0.04474511928188407,-0.19586184400498197,-0.26249669376857265
2020-06-03,31.56999969482422,32.439998626708984,31.56999969482422,32.04999923706055,30.86970901489257,570900,JBGS,0.9372853903626271,0.8742126011253403,1.0069716195958411,0.9904777700587754,-0.053192379696148206,-0.19076127890372419,-0.26122829462650876
2020-06-04,31.850000381469727,32.060001373291016,31.040000915527344,32.029998779296875,30.85044288635254,470900,JBGS,0.9097720816021894,0.861228066346587,1.002843176089895,0.9737129878925915,-0.06394090629040217,-0.17946993443739068,-0.26742991714293085
2020-06-05,33.380001068115234,34.2400016784668,33.08000183105469,33.29999923706055,32.07366943359375,644400,JBGS,0.8570572151019515,0.8311064448757838,0.9591056408719398,0.9555197936840854,-0.09846257858213381,-0.19815118763208195,-0.27173104658156877
2020-06-08,33.869998931884766,34.08000183105469,33.380001068115234,33.61000061035156,32.372257232666016,720900,JBGS,0.8458792417282991,0.8126453758475679,0.9451210925794404,0.9235807988149242,-0.07770155708662507,-0.18265910073929625,-0.2526574386034408
2020-06-09,32.650001525878906,33.93000030517578,32.40999984741211,33.72999954223633,32.48783493041992,511000,JBGS,0.8645123913123374,0.7915274025417276,0.966153548450882,0.9543505613494414,-0.08983817003710404,-0.22477912923848775,-0.27555695222869236
2020-06-10,33.40999984741211,33.40999984741211,32.029998779296875,32.16999816894531,30.98528480529785,372800,JBGS,0.9114081791356012,0.8643726616573141,1.0003736485326478,0.9608958633020045,-0.049487684166403256,-0.19233981476670026,-0.26825456380949
2020-06-11,30.489999771118164,31.073999404907227,29.309999465942383,29.6299991607666,28.538827896118164,694800,JBGS,0.9858252244852403,0.94357217495797,1.0899006955024086,1.0452604457269579,-0.05943522124171752,-0.1916016973292305,-0.2874559780449062
2020-06-12,30.850000381469727,30.989999771118164,29.600000381469727,30.780000686645508,29.64647483825684,749600,JBGS,0.9473684820029424,0.91290267936179,1.0102359918501171,1.0498126718293574,-0.10244418982641501,-0.20437703742254354,-0.3336163257736908
2020-06-15,29.61000061035156,30.989999771118164,29.21999931335449,30.84000015258789,29.704265594482425,828300,JBGS,0.9351491852552942,0.8987081334489991,1.0178228012937285,1.0316143405530773,-0.0964651552977831,-0.19566578102539667,-0.2971785792442292
2020-06-16,32.22999954223633,32.41999816894531,31.5,32.099998474121094,30.917863845825195,541800,JBGS,0.9080997281593648,0.8339180492866535,0.9860989588747346,1.0166643907242152,-0.10856466256485042,-0.2295478716496938,-0.3105312979797228
2020-06-17,32.2400016784668,32.2400016784668,30.93000030517578,30.959999084472656,29.81984519958496,513400,JBGS,0.9244186474167156,0.8389070694881672,1.009612332256228,1.0230961122793614,-0.09867746486264573,-0.21085923248018623,-0.3046260216312704
2020-06-18,30.479999542236328,30.90999984741211,30.309999465942383,30.479999542236328,29.35752487182617,408800,JBGS,0.9429132970689976,0.8673285603150458,1.0367588633894496,1.0320780068346933,-0.08916470976569568,-0.19049647777468115,-0.27790066063729824
2020-06-19,30.93000030517578,31.020000457763672,30.09000015258789,30.280000686645508,29.164888381958008,2202800,JBGS,0.969286697276356,0.8594106351917078,1.0547591980302404,1.0472002394231807,-0.07791354214682478,-0.18170116352865595,-0.2675986714018779
2020-06-22,30.06999969482422,30.299999237060547,29.25,30.25,29.135995864868164,678900,JBGS,0.9616528995519864,0.8639277810251385,1.0351694948818226,1.0416111253467466,-0.0799582257947602,-0.17338409902792407,-0.2729207293293916
2020-06-23,30.5,30.670000076293945,29.700000762939453,30.049999237060547,28.943357467651367,592300,JBGS,0.958402678677044,0.8800750330073402,1.053637726854416,1.0305967789015436,-0.07219410022449957,-0.17105215144864194,-0.2608263795499044
2020-06-24,29.63999938964844,29.63999938964844,28.18000030517578,28.950000762939453,27.88387107849121,649700,JBGS,0.9979274485933854,0.9479803893228204,1.105336968649197,1.0730616563589168,-0.07513420776553137,-0.1608913088335987,-0.25935866821818565
2020-06-25,28.799999237060547,29.61000061035156,28.549999237060547,29.57999992370605,28.49066734313965,410500,JBGS,0.9979715899410302,0.9213164481032904,1.0433946796997988,1.0527413251046664,-0.05476973516363626,-0.16916318336682357,-0.2837569316801647
2020-06-26,29.3700008392334,29.479999542236328,28.770000457763672,29.350000381469727,28.26913833618164,822600,JBGS,1.016695105717025,0.9182345253444903,1.0491304667580226,1.09603731200819,-0.07934220629116506,-0.20259451333264988,-0.3264062157659482
2020-06-29,29.700000762939453,29.799999237060547,29.09000015258789,29.64999961853028,28.558090209960938,520600,JBGS,0.9922428633942496,0.928659054928368,1.060949207168477,1.0675591621777658,-0.0753162987835162,-0.17965625110475014,-0.3203349278427461
2020-06-30,29.600000381469727,30.1200008392334,29.43000030517578,29.56999969482422,28.481035232543945,578600,JBGS,0.9810618817707828,0.9413968343047756,1.0378643159627825,1.0503414786147147,-0.06927959684393192,-0.157117535445638,-0.34523685022254735
2020-07-01,29.6200008392334,30.14999961853028,29.559999465942383,29.709999084472656,28.615880966186523,322300,JBGS,0.9545608424149284,0.9444237115028546,1.0371069368097487,1.0614698745417157,-0.10690903212678726,-0.17651849937872832,-0.3511487994751945
2020-07-02,30.299999237060547,30.459999084472656,29.56100082397461,29.790000915527344,28.692934036254883,355300,JBGS,0.9637462000679236,0.9341061482204674,1.035008865372572,1.0609433180919134,-0.09719711802398989,-0.17253338299306697,-0.34897316767758246
2020-07-06,30.489999771118164,30.540000915527344,29.84000015258789,30.040000915527344,28.933727264404297,496000,JBGS,0.9437417820871552,0.9199577101738832,1.038658881450184,1.060100399776527,-0.11635861768937183,-0.19461343500058814,-0.34333835202635266
2020-07-07,29.63999938964844,29.63999938964844,29.07299995422364,29.13999938964844,28.066871643066406,655500,JBGS,0.9708304870553588,0.961513949865458,1.09251121499214,1.0770138498901505,-0.10618336283479168,-0.18600090570625916,-0.3095363608949031
2020-07-08,29.059999465942383,29.270000457763672,28.200000762939453,28.540000915527344,27.488969802856445,530600,JBGS,0.9950945512105526,0.9753714525472524,1.1337657281498226,1.077606770930481,-0.0825122197199285,-0.16676759783071693,-0.26528198078120035
2020-07-09,28.420000076293945,28.64999961853028,27.809999465942383,28.43000030517578,27.383020401000977,631200,JBGS,1.008090013581917,0.9844628832099324,1.149310745052324,1.1044879116126745,-0.09639789803075738,-0.18291774245061865,-0.25950180206104245
2020-07-10,28.40999984741211,29.15999984741211,28.40999984741211,29.15999984741211,28.08613586425781,512000,JBGS,0.9893689902442232,0.9245631849131803,1.1107124074988606,1.085711270031918,-0.09634227978769483,-0.21755308228167114,-0.28623333553650565
2020-07-13,29.31999969482422,29.915000915527344,29.07999992370605,29.31999969482422,28.24024200439453,336200,JBGS,0.9817356723819096,0.8978618832069658,1.1119807348632516,1.102834219482497,-0.12109854710058732,-0.2536903896482481,-0.31017722069315967
2020-07-14,29.270000457763672,29.61000061035156,28.940000534057617,29.209999084472656,28.134296417236328,282700,JBGS,0.952308786822715,0.9057285209953252,1.0990017676720083,1.0836330203006346,-0.13132423347791955,-0.23381130002574047,-0.29457837611435944
2020-07-15,29.93000030517578,29.959999084472656,29.114999771118164,29.15999984741211,28.08613586425781,449100,JBGS,0.9556699443078084,0.8976039345819121,1.1015879962165602,1.0561175899815567,-0.10044764567374831,-0.20981656857846487,-0.2557520181800632
2020-07-16,28.88999938964844,29.19499969482422,28.739999771118164,28.84000015258789,27.77791976928711,374100,JBGS,0.9659242922265946,0.8841492127992816,1.1042306073417136,1.0603047606893516,-0.09438046846275705,-0.2132127401262771,-0.25545685252898753
2020-07-17,28.979999542236328,29.20499992370605,28.670000076293945,29.14999961853028,28.07650375366211,325800,JBGS,0.9542690188308915,0.8806243051203063,1.0865194935875078,1.0508986066031938,-0.09662958777230224,-0.2175295586474696,-0.2782736534704533
2020-07-20,29.200000762939453,29.270000457763672,28.479999542236328,28.6200008392334,27.56602096557617,195400,JBGS,0.9620804213295746,0.8923543096317921,1.0730298921974517,1.0499296408975316,-0.087849219567957,-0.20226597540598568,-0.31456111102711115
2020-07-21,28.8700008392334,29.1200008392334,28.6299991607666,28.739999771118164,27.68160057067871,201800,JBGS,0.9552581038509196,0.9047597654840986,1.0746027166708547,1.035121986103813,-0.07986388225289343,-0.19321472189720845,-0.27295086738658103
2020-07-22,28.350000381469727,29.38999938964844,28.350000381469727,29.350000381469727,28.26913833618164,202600,JBGS,0.9354042899447212,0.8876724981900889,1.0411112617964708,1.0249122036135947,-0.08950791366887345,-0.2081235100042914,-0.30480321727919435
2020-07-23,29.15999984741211,29.5,28.989999771118164,29.09000015258789,28.01871490478516,364400,JBGS,0.9642058925480376,0.8789761057207017,1.0715231360700388,1.0429196811196053,-0.07871378857156774,-0.19393250912049176,-0.27569389649464626
2020-07-24,29.07999992370605,29.200000762939453,28.770000457763672,28.799999237060547,27.739391326904297,237400,JBGS,0.9725152869715054,0.8454828743975802,1.094749312919992,1.0525520783774,-0.0800367914058947,-0.22564036742888294,-0.25204804498774913
2020-07-27,28.670000076293945,29.0,28.209999084472656,28.88999938964844,27.826080322265625,335300,JBGS,0.9677411836960752,0.8069160895147537,1.0874423533540614,1.0455465710339573,-0.07780538733788211,-0.22615516646332312,-0.2589224227303799
2020-07-28,28.75,29.77499961853028,28.690000534057617,29.520000457763672,28.432876586914062,364700,JBGS,0.965183374056887,0.7849155726404264,1.0753278187935131,1.0599717275601679,-0.09478835350328085,-0.2674238380766949,-0.2920968181032604
2020-07-29,29.690000534057617,30.059999465942383,29.3799991607666,29.84000015258789,28.7410945892334,337300,JBGS,0.9409848060979212,0.788657361982468,1.070311855551915,1.0491737417135036,-0.1081889356155824,-0.2354042049856525,-0.28479624709150464
2020-07-30,29.280000686645508,29.57999992370605,28.875,29.420000076293945,28.33656120300293,326900,JBGS,0.9479093319235818,0.8204709326592589,1.1168968989303616,1.0469317050835845,-0.09902237316000262,-0.22916480313761667,-0.2650630102685225
2020-07-31,29.299999237060547,29.299999237060547,28.40999984741211,29.01000022888184,27.94165802001953,571000,JBGS,0.9519259255416372,0.8598601752035363,1.1277435452298772,1.0584584032817186,-0.10653247774008134,-0.21679847107512373,-0.259449990491343
2020-08-03,29.14999961853028,29.14999961853028,28.100000381469727,28.36000061035156,27.31559944152832,465900,JBGS,0.9758758336655322,0.8522033809779475,1.1676634727395483,1.0645312650354448,-0.08865543136991261,-0.22000148692369392,-0.20832334820536524
2020-08-04,28.309999465942383,28.96999931335449,28.299999237060547,28.709999084472656,27.652706146240234,366900,JBGS,0.9748618118024978,0.8569094650552057,1.160557517591069,1.02982774469698,-0.05496593289448215,-0.23633383246038686,-0.21198973053003778
2020-08-05,28.6299991607666,29.020000457763672,27.940000534057617,28.350000381469727,27.305967330932617,393800,JBGS,0.9883073647173328,0.8425498095128795,1.182513700746239,1.0154342721529666,-0.02712690743563373,-0.23564311568989604,-0.1822151181531826
2020-08-06,28.040000915527344,28.5,28.020000457763672,28.290000915527344,27.2481746673584,312300,JBGS,0.9750842982072312,1.0007350609072965,1.1604244355497322,0.9945470827091798,-0.019462784501948605,-0.11382415185049521,-0.20301442434013617
2020-08-07,28.209999084472656,28.59000015258789,28.020000457763672,28.39999961853028,27.354124069213867,343700,JBGS,0.9745014429863,1.0401544084941543,1.146561234196931,1.000982312548244,-0.026480869561943954,-0.07156939167999199,-0.20084264499089532
2020-08-10,28.479999542236328,29.100000381469727,28.39999961853028,28.65999984741211,27.604549407958984,339800,JBGS,0.9530010708412108,1.0064535836836357,1.1250909468798365,0.9799638681285405,-0.026962797287329754,-0.09627690026934821,-0.19597217198210526
2020-08-11,29.0,29.350000381469727,28.56999969482422,28.850000381469727,27.78755187988281,462200,JBGS,0.925414793927796,0.9894380273298612,1.1176813547967286,0.9825449744444564,-0.05713018051666041,-0.09925562788860354,-0.22436681141136883
2020-08-12,29.0,29.020000457763672,28.1299991607666,28.559999465942383,27.72445297241211,384500,JBGS,0.9660364850486372,1.0509795331433904,1.149021732714402,0.9960166142981389,-0.029980129249501775,-0.05433416660827395,-0.1811475147605648
2020-08-13,28.3799991607666,28.530000686645508,27.5049991607666,27.600000381469727,26.792537689208984,715900,JBGS,1.005072540013153,1.1247846694163868,1.214371518030248,1.000064240707307,0.005008299305846009,-0.004069378472929763,-0.11928203782019065
2020-08-14,27.459999084472656,28.11000061035156,27.440000534057617,27.64999961853028,26.8410758972168,485600,JBGS,1.0083182364639456,1.1395190206342118,1.2085033640898737,1.0053594607430039,0.00295877572094172,0.01095670830273976,-0.15364559581153192
2020-08-17,27.61000061035156,27.76000022888184,27.225000381469727,27.63999938964844,26.83136749267578,611800,JBGS,0.9949349430355252,1.1246155996247769,1.1850629584903043,0.9999107443895321,-0.004975801354006881,0.008170294902454689,-0.14496087389067447
2020-08-18,27.600000381469727,27.65999984741211,27.229999542236328,27.600000381469727,26.792537689208984,393900,JBGS,0.962318874214192,1.1368359207648946,1.1680186510919124,0.9949555639278014,-0.032636689713609335,0.0046431681171617,-0.16503089904041013
2020-08-19,27.690000534057617,27.77499961853028,27.07999992370605,27.31999969482422,26.520729064941406,526700,JBGS,0.9432651299938868,1.1842737243338488,1.1863075982595563,0.9768858377185573,-0.03362070772467052,0.04989174127488272,-0.1908267182788621
2020-08-20,27.39999961853028,27.64999961853028,27.200000762939453,27.239999771118164,26.44307327270508,330500,JBGS,0.9629221051161636,1.1899717725013932,1.1961280994960537,0.9875636487882484,-0.02464154367208482,0.031098483326655657,-0.17555634137405796
2020-08-21,27.13999938964844,27.31999969482422,26.690000534057617,27.239999771118164,26.44307327270508,655000,JBGS,0.947870733146054,1.2088425196407386,1.2129015840261814,0.9669804572148069,-0.019109724068752887,0.026246176969418444,-0.14861587542724908
2020-08-24,27.31999969482422,27.84000015258789,26.940000534057617,27.82999992370605,27.015810012817383,203400,JBGS,0.931728356231068,1.1651063448240315,1.1747832984386897,0.9519424952921356,-0.020214139061067615,0.006488212406755123,-0.13784620593405505
2020-08-25,27.89999961853028,28.0,27.450000762939453,27.790000915527344,26.97698211669922,357800,JBGS,0.9442244565569368,1.163156436770329,1.1826852618846486,0.9667641278619097,-0.02253967130497292,0.0006352383136711826,-0.15645066994497503
2020-08-26,27.950000762939453,28.030000686645508,27.5,27.739999771118164,26.928443908691406,379800,JBGS,0.9816149440511792,1.116927935878784,1.20604649581464,0.9868389913626016,-0.005224047311422342,-0.03483819099538743,-0.15219856190380598
2020-08-27,27.850000381469727,28.459999084472656,27.850000381469727,28.270000457763672,27.44293975830078,671200,JBGS,0.9564908377840318,1.1131015810115148,1.167273514797466,0.9747761958206699,-0.01828535803663811,-0.04013552070704929,-0.20135065266041652
2020-08-28,28.280000686645508,28.299999237060547,27.540000915527344,27.86000061035156,27.0449333190918,299300,JBGS,0.9597989581174968,1.14142131076114,1.1972071466826295,0.9723584880428094,-0.012559529925312618,-0.0036476031636993866,-0.17450734572914905
2020-08-31,27.76000022888184,27.850000381469727,27.280000686645508,27.670000076293945,26.860490798950195,526500,JBGS,0.9873508739452346,1.16273696829279,1.202859578886988,0.9888494144827736,-0.0014985405375390615,-0.0021972800512957136,-0.19357165045504243
2020-09-01,27.5,27.770000457763672,27.190000534057617,27.39999961853028,26.598388671875,284900,JBGS,1.0080293485593912,1.2010481587377349,1.2484340149338669,0.9864785207473181,0.02155082781207307,0.024630494270462266,-0.14384012133008395
2020-09-02,27.3700008392334,27.56999969482422,27.11000061035156,27.459999084472656,26.656633377075195,555000,JBGS,1.013838324131802,1.173097220593409,1.2438572719480665,0.9904882601530863,0.02335006397871575,0.017027973851369893,-0.13870710073230708
2020-09-03,27.489999771118164,28.39999961853028,27.489999771118164,27.770000457763672,26.95756721496582,358800,JBGS,0.9942383108988562,1.1632682113575457,1.201452942149127,1.0106128675925516,-0.016374556693695475,-0.030348363353001284,-0.1961892763512798
2020-09-04,27.940000534057617,28.1200008392334,27.1200008392334,27.799999237060547,26.9866886138916,308200,JBGS,0.9863309226925796,1.1518612501119354,1.201252092315693,1.0338377445022602,-0.04750682180968058,-0.04024276115982239,-0.20795195072184613
2020-09-08,27.61000061035156,27.61000061035156,26.82999992370605,27.3700008392334,26.56926727294922,556400,JBGS,1.0157106831985303,1.1644339232278542,1.2060277611948014,1.0699737825781188,-0.05426309937958851,-0.06023274016536595,-0.20912062713552593
2020-09-09,27.489999771118164,27.920000076293945,27.049999237060547,27.459999084472656,26.656633377075195,536300,JBGS,1.005826805897328,1.1540105924882902,1.1658390070288165,1.0585994508262604,-0.0527726449289323,-0.0485490691458772,-0.23568564252772894
2020-09-10,27.350000381469727,27.43000030517578,26.88500022888184,27.100000381469727,26.307165145874023,619200,JBGS,1.0247233810821237,1.1630178681490728,1.1861967901322823,1.0798213250395274,-0.05509794395740375,-0.048227377848480524,-0.23441540471590527
2020-09-11,27.06999969482422,27.06999969482422,26.31999969482422,26.489999771118164,25.715011596679688,913200,JBGS,1.0098151085382128,1.2206192045258326,1.1897477628067852,1.0715698880496745,-0.06175477951146169,-0.01073141113210907,-0.1961593101373058
2020-09-14,26.68000030517578,27.82999992370605,26.59000015258789,27.59000015258789,26.782833099365234,719200,JBGS,0.9467197429866776,1.15734068522548,1.153353338197816,1.0477727369997762,-0.10105299401309864,-0.048072403349833204,-0.18048149914161216
2020-09-15,27.75,28.15999984741211,27.68000030517578,27.739999771118164,26.928443908691406,560100,JBGS,0.946286936208853,1.1550793086400164,1.1478488142306489,1.0501396738132378,-0.10385273760438485,-0.060884289167403294,-0.2121461277163874
2020-09-16,27.739999771118164,28.1299991607666,27.489999771118164,27.8799991607666,27.06434631347656,746100,JBGS,0.9314921471577036,1.106619593401098,1.1723122683852696,1.041938601672908,-0.1104464545152044,-0.09791632359727398,-0.1939758162280023
2020-09-17,27.670000076293945,27.81999969482422,27.34000015258789,27.5,26.695465087890625,757500,JBGS,0.91999992569365,1.1325398796465762,1.1733735768904965,1.034780591985331,-0.11478066629168104,-0.07469788527605536,-0.18020576167366653
2020-09-18,27.34000015258789,27.420000076293945,26.459999084472656,26.559999465942383,25.7829647064209,2547600,JBGS,0.9589607669175058,1.1824890463976154,1.2347798985611382,1.04985344404155,-0.09089267712404414,-0.042777478724219,-0.1444294181163579
2020-09-21,26.239999771118164,26.239999771118164,25.309999465942383,25.770000457763672,25.01607894897461,1394400,JBGS,0.9833138781743614,1.2034853072250438,1.2525388410621523,1.0669078702205033,-0.08359399204614182,-0.0566235477926853,-0.1647453552247038
2020-09-22,25.82999992370605,26.65999984741211,25.82999992370605,26.229999542236328,25.46261978149414,918000,JBGS,0.9836065045731958,1.1953473122260154,1.2561212026056523,1.0737440264587381,-0.09013752188554236,-0.056941646383223965,-0.17037563841372227
2020-09-23,26.1200008392334,26.26000022888184,25.739999771118164,25.81999969482422,25.06461524963379,1070500,JBGS,1.0011618530201138,1.2273052657708343,1.2674159051042773,1.1048641288809902,-0.10370227586087633,-0.05204098423021608,-0.20322414149682855
2020-09-24,25.71999931335449,26.249000549316406,25.549999237060547,25.93000030517578,25.171396255493164,813700,JBGS,0.9784034490709712,1.1982129960602592,1.2808348767956743,1.0795772912172472,-0.101173842146276,-0.07108437936872436,-0.1956607946094009
2020-09-25,25.82999992370605,26.26000022888184,25.6200008392334,26.239999771118164,25.472326278686523,696300,JBGS,0.9207317799134171,1.1972135185496489,1.2537077395564975,1.0516507496657936,-0.1309189697523765,-0.06260651631598146,-0.1912457596798407
2020-09-28,26.670000076293945,27.395000457763672,26.56999969482422,27.229999542236328,26.43336296081543,652800,JBGS,0.8494307725222324,1.1659913866348883,1.1995504627239433,1.0001758008813186,-0.1507450283590862,-0.07008867654758699,-0.21839059204697775
2020-09-29,27.09000015258789,27.209999084472656,26.690000534057617,27.040000915527344,26.248920440673828,760400,JBGS,0.8502219227824107,1.1325041269455574,1.2042243297010593,1.0177523484754358,-0.16753042569302512,-0.0897981532714589,-0.22987586651792857
2020-09-30,27.229999542236328,27.559999465942383,26.440000534057617,26.739999771118164,25.957698822021484,801100,JBGS,0.8732236241220165,1.1425517531748486,1.2150766644304525,1.0045339769584258,-0.13131035283640935,-0.0910315204271499,-0.212416405557051
2020-10-01,26.76000022888184,27.31999969482422,26.68000030517578,27.31999969482422,26.520729064941406,445400,JBGS,0.8766472724657485,1.1424528749685352,1.1952272285950591,1.0149206669190165,-0.13827339445326803,-0.11249133150953794,-0.21986821736395745
2020-10-02,26.790000915527344,27.709999084472656,26.700000762939453,27.6200008392334,26.81195640563965,580600,JBGS,0.8960897368726759,1.1024727066659925,1.1785687990065157,1.0320563943288295,-0.13596665745615355,-0.1632854032382125,-0.23412587008519847
2020-10-05,27.88999938964844,27.93000030517578,27.3799991607666,27.84000015258789,27.02551651000977,313800,JBGS,0.8613506494459726,1.098137334099128,1.1798319786770612,1.0169315507029277,-0.15558090125695512,-0.14449567759775483,-0.21388922628305584
2020-10-06,28.040000915527344,28.100000381469727,27.450000762939453,27.61000061035156,26.80224609375,485900,JBGS,0.8840999947623474,1.1080206113023994,1.190763641239001,1.0491302463111982,-0.16503025154885087,-0.1456794115598128,-0.21989961872685937
2020-10-07,27.670000076293945,27.81999969482422,27.299999237060547,27.420000076293945,26.61780548095703,356200,JBGS,0.8643326208729584,1.1290289433563907,1.1982741299494477,1.0272682070512942,-0.1629355861783358,-0.11496000326385603,-0.17811705887929885
2020-10-08,27.56999969482422,27.84000015258789,27.440000534057617,27.799999237060547,26.9866886138916,635800,JBGS,1.0104316289222326,1.1362406287969216,1.1775120527914849,1.0483293009850092,-0.03789767206277661,-0.08417043098256549,-0.15605984311103627
2020-10-09,28.0,28.0,27.239999771118164,27.6200008392334,26.81195640563965,395100,JBGS,1.0611874907831844,1.1623937989869524,1.1969494323437542,1.0518465726367494,0.009340918146435007,-0.0640573060239158,-0.1572759225663103
2020-10-12,27.549999237060547,27.834999084472656,27.229999542236328,27.770000457763672,26.95756721496582,398800,JBGS,1.0306084913399902,1.1674495449791769,1.178784081456231,1.0451976788667212,-0.014589187526730996,-0.03822769563383477,-0.15976856027415876
2020-10-13,27.540000915527344,27.540000915527344,26.71999931335449,26.75,25.9674072265625,439600,JBGS,1.0587911329180868,1.2013374809025736,1.2210750381948523,1.0383629693531184,0.02042816356496835,-0.02375109138377285,-0.15004567394732993
2020-10-14,26.68000030517578,26.82999992370605,26.09000015258789,26.1200008392334,25.355836868286133,486400,JBGS,1.1491568112289663,1.2384763800101417,1.2703517085947311,1.0653468080457866,0.08381000318317966,0.0019709698290912847,-0.11439597854998884
2020-10-15,25.790000915527344,26.34000015258789,25.790000915527344,26.25,25.48203468322754,607900,JBGS,1.182630665965565,1.2133898206763885,1.2543904250959494,1.0811920070010825,0.10143865896448245,-0.00900380986902194,-0.12487773429327342
2020-10-16,26.309999465942383,26.38999938964844,25.8799991607666,25.96999931335449,25.21022605895996,622400,JBGS,1.2132345202947716,1.2272539744711126,1.2663510175473744,1.0838882900645634,0.1293462302302082,0.0011983484196740335,-0.11637601831569877
2020-10-19,26.040000915527344,26.05500030517578,25.239999771118164,25.299999237060547,24.5598258972168,544900,JBGS,1.2286314474626567,1.2489188378572866,1.3018934141798084,1.0856799388500433,0.1429515086126134,0.0100531882784487,-0.10072873546613326
2020-10-20,25.520000457763672,25.65999984741211,25.3700008392334,25.46999931335449,24.724851608276367,406800,JBGS,1.2319070599940152,1.2338059343468533,1.2999810305422157,1.0883390164590112,0.14356804353500396,0.005126014917092636,-0.08048809922155553
2020-10-21,25.420000076293945,25.5,25.11000061035156,25.34000015258789,24.598657608032227,398700,JBGS,1.276809616291073,1.202470678535985,1.2850127485300402,1.0914123806642604,0.18539723562681254,-0.016946495321672472,-0.10671812939212177
2020-10-22,25.46999931335449,25.8799991607666,25.31999969482422,25.799999237060547,25.04519844055176,678000,JBGS,1.2563889580430034,1.1877216004359792,1.2593469433200182,1.094738791139384,0.16165016690361944,-0.016153407438373568,-0.10474780590985144
2020-10-23,25.82999992370605,26.200000762939453,25.6299991607666,25.850000381469727,25.09373664855957,372900,JBGS,1.273844217371922,1.1728551508796703,1.2392356691771156,1.1082827557993673,0.1655614615725547,-0.012341697227590487,-0.11733900221193139
2020-10-26,25.68000030517578,25.81999969482422,25.15999984741211,25.3700008392334,24.62778091430664,506300,JBGS,1.27808070755612,1.2190583214903905,1.293098539736138,1.131753622338089,0.14632708521803095,-0.010658883191453583,-0.10032182651707555
2020-10-27,25.309999465942383,25.57999992370605,24.13999938964844,24.15999984741211,23.45318031311035,426900,JBGS,1.3379187800869878,1.2948213926864196,1.351556466006914,1.148785200454681,0.18913357963230681,0.0439308163109291,-0.07755301664079006
2020-10-28,23.64999961853028,23.770000457763672,22.989999771118164,23.1299991607666,22.453311920166016,858500,JBGS,1.339540971875472,1.3476523364505035,1.4121815473697676,1.1717206663972943,0.16782030547817772,0.049090503928873375,-0.04708648021477879
2020-10-29,22.979999542236328,23.43000030517578,22.690000534057617,22.989999771118164,22.317407608032227,498100,JBGS,1.3687422916259464,1.3699916988220155,1.4132732015702585,1.1675292886158795,0.20121300301006695,0.07096530259231648,-0.015380847788551755
2020-10-30,22.850000381469727,23.350000381469727,22.6299991607666,23.350000381469727,22.6668758392334,658900,JBGS,1.3618843398389309,1.357131635545055,1.3492249349985792,1.1783167979264217,0.18356754191250912,0.036263695115590355,-0.049426915945312455
2020-11-02,23.65999984741211,23.959999084472656,23.26000022888184,23.950000762939453,23.249324798583984,398200,JBGS,1.3433373187822606,1.3612875904212056,1.331220832100699,1.166155805005939,0.17718151377632152,0.046848500332726806,-0.058571658648296054
2020-11-03,24.350000381469727,24.88999938964844,24.200000762939453,24.75,24.02591896057129,449600,JBGS,1.3296451133533034,1.3115429435523405,1.2914966624461826,1.1598423641651217,0.16980274918818172,0.02622899397292633,-0.09342517303428433
2020-11-04,24.770000457763672,25.53899955749512,23.950000762939453,23.979999542236328,23.27844619750977,495400,JBGS,1.3433380501302372,1.3701699603674349,1.330408263762627,1.152631411002053,0.1907066391281842,0.08759010087023578,-0.05679929565326458
2020-11-05,24.09000015258789,24.520000457763672,24.059999465942383,24.40999984741211,23.69586563110352,606900,JBGS,1.323390395814112,1.354352548219666,1.3316873611195852,1.1314046287997348,0.1919857670143772,0.10116823735919867,-0.010530702351260635
2020-11-06,24.450000762939453,24.59000015258789,23.170000076293945,23.700000762939453,23.006637573242188,747300,JBGS,1.3511283769398772,1.403494116780953,1.3676987033107988,1.1315347385080599,0.21959363843181734,0.13743549808581013,0.03058060877683655
2020-11-09,25.90999984741211,28.43000030517578,25.90999984741211,28.09000015258789,27.26820373535156,1093200,JBGS,1.1345872441102625,1.1595720794449398,1.1666909385249091,1.0952501884521426,0.039337055658119846,-0.05945741376851177,-0.12570643874096254
2020-11-10,28.31999969482422,29.59000015258789,27.920000076293945,29.309999465942383,28.452512741088867,708800,JBGS,1.0811711976776512,1.1022990671710202,1.1216172941624667,1.0839984978705262,-0.0028273001928749153,-0.10772883627375762,-0.1657962104005064
2020-11-11,29.31999969482422,29.31999969482422,27.770000457763672,28.6200008392334,27.782697677612305,796600,JBGS,1.1012502630244745,1.1178766364584705,1.1586621983113572,1.0757014096148305,0.025548853409643968,-0.078520295474092,-0.1372296337559722
2020-11-12,28.030000686645508,28.46999931335449,27.459999084472656,28.100000381469727,27.494060516357425,625400,JBGS,1.1416370085036176,1.129612288920156,1.145553814598684,1.1099785439559162,0.03165846454770138,-0.1008928548082404,-0.16609772874458462
2020-11-13,28.200000762939453,29.96999931335449,28.155000686645508,29.780000686645508,29.13783264160156,759300,JBGS,1.0638012371326218,1.0932864974808558,1.0867202527051805,1.0836109391783006,-0.01980970204567889,-0.10475017260135022,-0.20828323539584837
2020-11-16,30.780000686645508,31.36199951171875,29.920000076293945,30.799999237060547,30.135835647583008,884000,JBGS,1.0321428858501691,1.0796479993458168,1.0441438805427163,1.0745618956570646,-0.0424190098068955,-0.09508200864121807,-0.2327115156569488
2020-11-17,30.3799991607666,31.38999938964844,30.11000061035156,31.26000022888184,30.58591651916504,374200,JBGS,0.9792067500844516,1.0605381237228209,1.0453303037841075,1.0716898328073001,-0.09248308272284855,-0.1346025071153425,-0.22908573127069531
2020-11-18,31.299999237060547,31.43000030517578,30.75,30.84000015258789,30.17497444152832,596200,JBGS,1.0019454656485114,1.0537493512322746,1.1046333472331284,1.0797196178315844,-0.07777415218307304,-0.119931022823071,-0.19245981600385909
2020-11-19,30.65999984741211,31.190000534057617,30.32999992370605,31.1299991607666,30.45871925354004,571600,JBGS,1.00096373374122,1.027429402746209,1.1002087087840229,1.0747387601086344,-0.0737750263674144,-0.13170467401178376,-0.18811016275348846
2020-11-20,31.09000015258789,32.31999969482422,30.8700008392334,32.099998474121094,31.40780258178711,2556200,JBGS,0.9585670115276048,1.001717401884308,1.075179814042056,1.0823666585670508,-0.12379964703944601,-0.19107341459446636,-0.20856109389518762
2020-11-23,32.5,32.709999084472656,32.06999969482422,32.15999984741211,31.46651077270508,890200,JBGS,0.967271978068938,1.005173506747744,1.0687573897497524,1.0655008807234643,-0.09822890265452622,-0.15663154035640559,-0.1971588229723873
2020-11-24,32.83000183105469,33.56999969482422,32.529998779296875,32.66999816894531,31.965511322021484,995400,JBGS,0.9623476368170336,1.0033578107317478,1.0579735205888323,1.0462667827802716,-0.08391914596323802,-0.127563152296017,-0.19054385741071012
2020-11-25,32.66999816894531,32.72999954223633,31.799999237060547,32.16999816894531,31.47629165649414,762800,JBGS,0.9582035409845284,1.0083056397878594,1.084823872444182,1.0403610731589388,-0.08215753217441035,-0.10373932491763393,-0.17481843671944297
2020-11-27,32.380001068115234,32.58000183105469,31.809999465942383,32.06999969482422,31.37845039367676,178200,JBGS,0.9718712360600302,1.0167895086997445,1.0976966320990775,1.0432249427155542,-0.07135370665552399,-0.1141022307401649,-0.14962665806734798
2020-11-30,31.780000686645508,32.0,30.690000534057617,30.739999771118164,30.077131271362305,885500,JBGS,1.0247344819567457,1.0797889971887389,1.148159889363228,1.057318771652863,-0.03258428969611726,-0.07277716520741584,-0.10977686365340444
2020-12-01,31.200000762939453,31.739999771118164,31.0,31.21999931335449,30.54677963256836,603300,JBGS,0.9731634916838948,1.0486675562321304,1.1360313350163065,1.0299227666019029,-0.05675927491800803,-0.10539693027782349,-0.1185904534678035
2020-12-02,31.1200008392334,31.739999771118164,30.979999542236328,31.549999237060547,30.86966323852539,450000,JBGS,0.9607495251348288,1.0488740094437958,1.1190040355661688,1.0415781929012056,-0.08082866776637676,-0.11460846593596319,-0.1255606014829802
2020-12-03,31.729999542236328,32.22999954223633,31.700000762939453,31.920000076293945,31.23168563842773,505900,JBGS,0.970126413196992,1.0345070395870433,1.0856923106425045,1.0581536374396452,-0.08802722424265319,-0.13643897725545373,-0.14675444730649123
2020-12-04,32.189998626708984,32.810001373291016,32.08000183105469,32.650001525878906,31.945945739746094,378100,JBGS,0.9252958228361116,1.03945375200103,1.0412211541837195,1.055411022203609,-0.1301151993674975,-0.11948523427863234,-0.16356834613190707
2020-12-07,32.63999938964844,32.83000183105469,31.89999961853028,31.959999084472656,31.27082252502441,319400,JBGS,0.9490549418456952,1.0603190000900893,1.0541778284086465,1.0603009546150792,-0.11124601276938406,-0.11400228721135397,-0.14204493540889818
2020-12-08,31.600000381469727,32.224998474121094,31.540000915527344,32.04999923706055,31.3588809967041,927400,JBGS,0.9470185209796068,1.032825388348762,1.0404554200650382,1.0554288643752259,-0.10841034339561906,-0.12210803993116381,-0.13156382524197863
2020-12-09,32.119998931884766,32.119998931884766,31.549999237060547,31.770000457763672,31.08492088317871,324000,JBGS,0.9667797743340354,1.042879159446468,1.0786838997092243,1.0711936781318203,-0.10441390379778492,-0.12441875367801303,-0.12140706596974948
2020-12-10,31.549999237060547,31.959999084472656,31.5,31.6200008392334,30.938156127929688,466500,JBGS,0.991118278445602,1.0357202217637629,1.0674381018000427,1.062316503263218,-0.07119822481761606,-0.10722186437360559,-0.13168472535559617
2020-12-11,31.39999961853028,31.8799991607666,31.239999771118164,31.440000534057617,30.76203727722168,269100,JBGS,1.0131335445621317,1.0102498318624802,1.0648370642491487,1.073775639924845,-0.060642095362713366,-0.13997476658335972,-0.14026301515237605
2020-12-14,31.739999771118164,31.940000534057617,31.239999771118164,31.270000457763672,30.595703125,519200,JBGS,1.0286280870970317,1.019929979253112,1.0706260722550272,1.0697624410001334,-0.04113435390310172,-0.13606024217707446,-0.1508319496735735
2020-12-15,31.520000457763672,32.09000015258789,31.06999969482422,32.08000183105469,31.38823699951172,582900,JBGS,0.9938633884921656,0.974708376203994,1.0489694148370523,1.0593177594136232,-0.06545437092145756,-0.13638277276303168,-0.16209997879515559
2020-12-16,32.380001068115234,32.3849983215332,31.530000686645508,31.68000030517578,30.996862411499023,564100,JBGS,1.01308979727939,0.9965547335554984,1.028909840533821,1.0685424132795076,-0.05545261600011764,-0.1039130844280921,-0.17877315722788212
2020-12-17,31.76000022888184,32.060001373291016,31.309999465942383,31.790000915527344,31.10448837280273,514700,JBGS,0.9940572281454602,0.9937402615082068,1.007797722672282,1.0520021356846316,-0.057944907539171475,-0.11470683690150885,-0.18556788852227313
2020-12-18,31.709999084472656,31.709999084472656,30.440000534057617,30.61000061035156,29.949935913085938,1331200,JBGS,1.0330356037475057,1.0593633759748196,1.0443277686609784,1.0541479277304717,-0.02111232398296603,-0.06930169563077926,-0.15220426404413123
2020-12-21,29.989999771118164,31.020000457763672,29.56999969482422,30.89999961853028,30.233678817749023,629000,JBGS,1.014538435842688,1.0360549751737336,1.0391232058484066,1.057296658195766,-0.0427582223530778,-0.0843346206186324,-0.16901027302977134
2020-12-22,31.100000381469727,31.209999084472656,30.6200008392334,31.15999984741211,30.488073348999023,905300,JBGS,1.0005771204672818,1.044221003418868,1.0245922761199564,1.051384072668894,-0.050806952201612354,-0.08117388364458544,-0.1809464913300145
2020-12-23,31.280000686645508,31.68000030517578,30.690000534057617,30.770000457763672,30.106483459472656,449400,JBGS,0.982484870570234,1.040759561868034,1.048129211576849,1.0287074732832335,-0.046222602712999494,-0.07683551676218858,-0.13820046995255786
2020-12-24,30.709999084472656,30.940000534057617,30.38999938964844,30.8799991607666,30.436674118041992,140900,JBGS,0.9773315921339716,1.0508420354135084,1.0256703035791823,1.0314131762138377,-0.054081584079866074,-0.08247318720156871,-0.1596656906268621
2020-12-28,30.90999984741211,31.350000381469727,30.61000061035156,31.209999084472656,30.761934280395508,340600,JBGS,0.956744722708726,1.0326818766708792,1.0074037799710356,1.0230201952264786,-0.06627547251775256,-0.10987804491991948,-0.16752029268176805
2020-12-29,31.34000015258789,31.565000534057617,30.39999961853028,30.600000381469727,30.160694122314453,351000,JBGS,0.9954247452552948,1.0689542518793211,1.0478908662489903,1.0446043805401628,-0.04917963528486802,-0.08598459578372619,-0.1579669627228506
2020-12-30,30.790000915527344,31.190000534057617,30.440000534057617,30.940000534057617,30.495813369750977,371100,JBGS,0.9957983159114292,1.047188091456976,1.0572072369863283,1.043669894425415,-0.047871578513985824,-0.09204622053134792,-0.14071322375282347
2020-12-31,30.90999984741211,31.3799991607666,30.459999084472656,31.270000457763672,30.82107353210449,347800,JBGS,0.98177171663876,1.0287815814711188,1.0325238646983168,1.045383884821216,-0.06361216818245607,-0.11025006498037238,-0.14600331019131874
2021-01-04,31.299999237060547,31.3799991607666,30.14999961853028,30.15999984741211,29.72701072692871,363000,JBGS,1.028514553417067,1.0633288665789995,1.0748652835661832,1.0757807590012936,-0.04726620558422656,-0.100295856709403,-0.11639481978639887
2021-01-05,30.25,30.770000457763672,29.989999771118164,30.09000015258789,29.65801429748535,385200,JBGS,1.0372216417403155,1.0634762592189595,1.0917575220711926,1.0714255300260027,-0.03420388828568721,-0.08619911512993705,-0.08102042405365961
2021-01-06,30.280000686645508,31.21999931335449,30.190000534057617,30.739999771118164,30.298683166503903,444800,JBGS,1.0445674209687537,1.0461938997947529,1.0794834902043635,1.0611421164765942,-0.01657469550784052,-0.07588181551682438,-0.05585295690665393
2021-01-07,30.700000762939453,30.700000762939453,29.88999938964844,29.989999771118164,29.559450149536133,480100,JBGS,1.0660220104125364,1.069023107674608,1.0658470808344354,1.0481129547606707,0.017909055651865735,-0.04224165688597692,-0.0378122855850187
2021-01-08,30.049999237060547,30.309999465942383,29.902000427246094,30.11000061035156,29.6777286529541,278800,JBGS,1.0747260370507692,1.0743938322112982,1.1111004425091855,1.0484575021625253,0.026268534888243877,-0.04420804822426794,-0.01822101018267097
2021-01-11,29.780000686645508,30.239999771118164,29.68000030517578,30.1299991607666,29.69744110107422,467300,JBGS,1.0806505479893014,1.074676435702169,1.1290805684671277,1.0505801982022727,0.030070349787028716,-0.04686092414293008,-0.010988397391641369
2021-01-12,30.030000686645508,30.520000457763672,29.709999084472656,30.489999771118164,30.05227279663086,411000,JBGS,1.074450531561027,1.0613316310449972,1.0870133280900551,1.0463067685815588,0.0281437629794683,-0.04315283741086828,-0.03622272773909363
2021-01-13,30.559999465942383,31.15999984741211,30.5,31.11000061035156,30.66337203979492,290700,JBGS,1.0311797302362626,1.0363227849353198,1.0682633802338557,1.0474268478686666,-0.01624711763240394,-0.057862252340643794,-0.06555905266302942
2021-01-14,31.479999542236328,31.790000915527344,31.075000762939453,31.6200008392334,31.166051864624023,246600,JBGS,1.0063250356319131,1.0297279918276556,1.0481668069870558,1.0370807891473377,-0.03075575351542459,-0.07227081979839589,-0.07969263231883095
2021-01-15,31.350000381469727,32.0,31.15999984741211,31.93000030517578,31.471599578857425,347900,JBGS,0.9868462056963978,1.009708801999881,1.0354673663599587,1.0379703062726533,-0.05112410057625549,-0.09675636332535986,-0.09746562951288928
2021-01-19,32.029998779296875,32.04399871826172,31.53499984741211,31.64999961853028,31.195619583129883,415200,JBGS,0.9955765920542028,1.0164296524549037,1.0379457318579717,1.0431767404393268,-0.04760014838512405,-0.09765801098904547,-0.09145698264144819
2021-01-20,31.65999984741211,32.29999923706055,31.440000534057617,31.86000061035156,31.40260505676269,371400,JBGS,1.0144380994932645,1.0257375345215132,1.0361618485509818,1.0311275448261352,-0.016689445332870756,-0.08643583373399744,-0.09238533564053064
2021-01-21,31.739999771118164,31.739999771118164,30.90999984741211,31.3700008392334,30.919641494750977,197900,JBGS,1.0522791692475084,1.0337901338225384,1.047531222554943,1.0380301751047352,0.014248994142773252,-0.08708605037651673,-0.08366666177644477
2021-01-22,31.030000686645508,31.5,30.86000061035156,31.38999938964844,30.939350128173828,413700,JBGS,1.048423136982442,1.0318573366960255,1.034672430342399,1.0546006276654674,-0.006177490683025422,-0.08883969417866178,-0.09470940943265083
2021-01-25,30.989999771118164,31.440000534057617,30.809999465942383,31.1200008392334,30.673229217529297,338600,JBGS,1.0366322866012263,1.0424163482179578,1.033940826556751,1.0270231116838735,0.009609174917352803,-0.08308864287622031,-0.10332473098338468
2021-01-26,31.420000076293945,31.670000076293945,30.89999961853028,30.950000762939453,30.50566864013672,307800,JBGS,1.025848149740436,1.0536349310318351,1.0035018040790418,1.0299643010441049,-0.004116151303668936,-0.06820210259198856,-0.13187447042431133
2021-01-27,30.670000076293945,30.84499931335449,29.850000381469727,30.01000022888184,29.579164505004883,438300,JBGS,1.0636454047172166,1.0686437278408738,1.0413104177643528,1.0834518832758422,-0.019806478558625606,-0.08629688644142797,-0.1339472936395698
2021-01-28,30.059999465942383,30.6299991607666,29.84000015258789,30.18000030517578,29.746723175048828,513300,JBGS,1.0632869641603375,1.0603048246809248,1.0361121708659675,1.0617555757592423,0.001531388401095235,-0.07597040413521627,-0.12816652393730377
2021-01-29,30.11000061035156,30.350000381469727,29.770000457763672,29.86000061035156,29.43131828308105,486600,JBGS,1.0897522547408909,1.0565973711652783,1.0357487096810365,1.0699322973380807,0.019819957402810173,-0.09990684930571203,-0.14680493752240253
2021-02-01,29.979999542236328,30.459999084472656,29.530000686645508,30.459999084472656,30.02270126342773,341400,JBGS,1.0571241447721431,1.0607355833109178,0.99683174823332,1.0315574884075709,0.025566656364572227,-0.07810652234939663,-0.16984388252752636
2021-02-02,30.670000076293945,30.920000076293945,30.01000022888184,30.809999465942383,30.367679595947266,497300,JBGS,1.0506327643091913,1.0438169106881865,0.9969481346187302,1.0393553331681484,0.011277431141042848,-0.09306826527700696,-0.16221742118882865
2021-02-03,30.75,30.90999984741211,30.18000030517578,30.700000762939453,30.259258270263672,278400,JBGS,1.0732898712766552,1.0478826839637467,0.99242355574051,1.0396059646408131,0.03368390663584209,-0.07448326450326426,-0.16217174960205816
2021-02-04,30.790000915527344,31.21999931335449,30.70499992370605,31.020000457763672,30.574663162231445,285200,JBGS,1.0477111907357792,1.031592529199599,0.9978850810880074,1.0350444874140108,0.012666703321768447,-0.06696440787200286,-0.1418738188996177
2021-02-05,31.290000915527344,31.38999938964844,30.920000076293945,31.209999084472656,30.761934280395508,255500,JBGS,1.0525471888744826,0.9941739619507874,0.9765316004420356,1.0366248108476028,0.01592237802687979,-0.06711923263530162,-0.15071861353182714
2021-02-08,31.39999961853028,32.189998626708984,31.100000381469727,32.11000061035156,31.64901733398437,250800,JBGS,1.020865776342116,0.9779130005062316,0.9415773931490008,1.0368884708904245,-0.016022694548308403,-0.08419574756732062,-0.16188720216698194
2021-02-09,32.29999923706055,32.33000183105469,31.850000381469727,31.96999931335449,31.511024475097656,212900,JBGS,1.0538004940665289,0.9847154977237252,0.9336414974239828,1.0434986931592627,0.010301800907266179,-0.09620377931961699,-0.15870331118926662
2021-02-10,32.099998474121094,32.869998931884766,32.0099983215332,32.36000061035156,31.895427703857425,210400,JBGS,1.0395548722401524,0.97098046391694,0.921762200259652,1.0526013459758607,-0.01304647373570833,-0.10714597209752952,-0.1613067992238867
2021-02-11,32.36000061035156,32.81999969482422,32.22999954223633,32.560001373291016,32.09255599975586,405400,JBGS,1.0092137392811564,0.9832649282272368,0.9126727368100616,1.0387619607072216,-0.02954822142606517,-0.08515670577556622,-0.17797102136160614
2021-02-12,32.63999938964844,32.900001525878906,32.415000915527344,32.7599983215332,32.28968048095703,332900,JBGS,1.0039683167886382,0.9744955015898076,0.9092688491503264,1.037978242018038,-0.03400992522939972,-0.08045448136412547,-0.18485880936487453
2021-02-16,32.83000183105469,32.91999816894531,32.08000183105469,32.08000183105469,31.619447708129883,282900,JBGS,1.0134039728196262,1.006139212219888,0.9301237680963768,1.023482203476065,-0.010078230656438647,-0.05801629215702486,-0.17491660862503888
2021-02-17,32.119998931884766,32.119998931884766,31.57999992370605,31.81999969482422,31.363178253173828,265600,JBGS,0.9908862786862376,1.0175253953911303,0.9517530443028052,1.0274034553097127,-0.03651717662347509,-0.052030723535715806,-0.16319624382763986
2021-02-18,31.729999542236328,31.96999931335449,31.459999084472656,31.51000022888184,31.0576286315918,281100,JBGS,1.0047603834689889,1.036484850405407,0.9488811803029168,1.0353108010217529,-0.030550417552763998,-0.04849118383297668,-0.16679530004417342
2021-02-19,31.6200008392334,31.709999084472656,31.39999961853028,31.51000022888184,31.0576286315918,286100,JBGS,0.9850841440798096,1.014112386909111,0.9640143775691448,1.0023245570248156,-0.017240412945006,-0.05298389829573047,-0.15388554946474287
2021-02-22,31.549999237060547,32.58100128173828,31.43000030517578,32.31999969482422,31.85599899291992,245000,JBGS,0.969678269025977,0.9939940310332148,0.9385987118211434,0.9953240943772406,-0.025645825351263585,-0.08348673895220748,-0.18145496505008052
2021-02-23,32.36000061035156,33.15999984741211,32.310001373291016,33.0099983215332,32.536094665527344,331300,JBGS,0.9500151363407948,0.9671150978609572,0.926048423159094,1.0085864922223067,-0.058571355881511855,-0.11587308057684786,-0.19216614997017412
2021-02-24,33.060001373291016,33.29999923706055,32.16999816894531,32.90999984741211,32.437530517578125,454600,JBGS,0.978122092306708,0.9856602798159396,0.945818002037796,1.0099883968047432,-0.03186630449803518,-0.07997344198711709,-0.15769851405437252
2021-02-25,33.029998779296875,33.22999954223633,32.22999954223633,32.2599983215332,31.796859741210938,459800,JBGS,0.9851209714378129,1.0482885194105689,0.9683346458147678,1.0266826115313998,-0.04156164009358698,-0.05180352452756409,-0.17308254874388684
2021-02-26,32.220001220703125,32.45000076293945,31.530000686645508,31.75,31.2941837310791,582800,JBGS,1.0173227976923496,1.0708363084055046,0.9746220020338676,1.0374166001615297,-0.020093802469180133,-0.03462576878063239,-0.1687481956394501
2021-03-01,32.25,32.48500061035156,31.89999961853028,31.920000076293945,31.461742401123047,462900,JBGS,0.995927375387496,1.0733364639763263,0.9678421612737036,1.0135972394008281,-0.01766986401333215,-0.0008269093263850724,-0.1381183255933509
2021-03-02,31.790000915527344,32.40999984741211,31.6299991607666,32.09000015258789,31.629302978515625,408700,JBGS,1.0112185084554757,1.0632566244286874,0.9646118426829046,1.0361647740865512,-0.024946265631075493,-0.02514996880181508,-0.14825685832634272
2021-03-03,32.189998626708984,33.11000061035156,32.189998626708984,32.540000915527344,32.072845458984375,559300,JBGS,0.99047314225144,1.05443293436591,0.9331881807447074,1.054357280092723,-0.063884137841283,-0.04603471047629437,-0.18951844556569963
2021-03-04,32.439998626708984,32.84000015258789,31.739999771118164,32.20000076293945,31.737722396850582,444200,JBGS,1.0158385601381084,1.075887934805583,0.9247670647085312,1.0789141676317748,-0.06307560749366647,-0.0523109017271719,-0.2109896047583154
2021-03-05,32.540000915527344,32.77000045776367,31.81999969482422,32.369998931884766,31.9052791595459,358300,JBGS,1.0009269137061574,1.0795711626714126,0.9333878740796248,1.0513678997204563,-0.050440986014298916,-0.020033988884522458,-0.1842493027833535
2021-03-08,32.61000061035156,33.470001220703125,32.33000183105469,32.95000076293945,32.47695541381836,659400,JBGS,0.976327748921466,1.0633187524159764,0.9027939756430828,1.053835017954231,-0.07750726903276506,-0.03521853307929623,-0.20471032031500302
2021-03-09,33.0,33.1349983215332,32.41999816894531,32.5,32.033416748046875,555800,JBGS,0.986769187678806,1.0833093178719808,0.9249715506096672,1.047243962582535,-0.06047477490372899,-0.009770324140840891,-0.18022419854585348
2021-03-10,32.4900016784668,32.97999954223633,32.25,32.849998474121094,32.378387451171875,375600,JBGS,0.9741249204740924,1.0668622022196568,0.9237643441174392,1.039672854637922,-0.06554793416382954,-0.011885856551366647,-0.17153889482998053
2021-03-11,32.939998626708984,33.150001525878906,32.56999969482422,32.779998779296875,32.30939865112305,452800,JBGS,0.9810859633411514,1.0494779340272962,0.9142850733466238,1.0256622421362138,-0.04457627879506243,-0.011316861546615264,-0.15804042116408012
2021-03-12,33.04999923706055,33.689998626708984,33.04999923706055,33.689998626708984,33.20633316040039,427000,JBGS,0.95161772627438,1.0017003182482025,0.8935042581478513,1.0207674438038497,-0.06914971752946963,-0.0471243295180479,-0.15651024620513032
2021-03-15,33.65999984741211,33.86000061035156,33.130001068115234,33.63999938964844,33.15704727172852,450600,JBGS,0.9616528383081252,0.9942081848189828,0.9035786220330349,1.017237660715961,-0.0555848224078358,-0.03304187369342171,-0.13296357628853772
2021-03-16,33.40999984741211,33.474998474121094,32.6150016784668,32.86000061035156,32.38824844360352,437400,JBGS,0.9853925940932003,1.0073875330741773,0.9287319126282256,1.0317473901389642,-0.04635479604576387,-0.015382778290928156,-0.13021538699983415
2021-03-17,33.02000045776367,33.20000076293945,32.5260009765625,32.88999938964844,32.417816162109375,509400,JBGS,0.9838857603596836,1.0343325877580685,0.9325119061403584,1.0204048792069982,-0.036519118847314624,-0.0020033483722885492,-0.13550295739945395
2021-03-18,32.880001068115234,33.119998931884766,32.27000045776367,32.5099983215332,32.04327392578125,511100,JBGS,0.9916948930184364,1.0306239845180067,0.9340493850441052,1.026141003020234,-0.03444611000179765,-0.025336973677660524,-0.14887162389626818
2021-03-19,32.470001220703125,32.540000915527344,31.51000022888184,31.530000686645508,31.077342987060547,1118600,JBGS,1.032667304058716,1.0540333991306214,0.9646899207155156,1.039291194415156,-0.006623890356439954,-0.00037972311335154885,-0.11879809928706819
2021-03-22,31.39999961853028,31.65999984741211,31.21500015258789,31.65999984741211,31.205474853515625,649600,JBGS,1.0183197421912669,1.0497054641329786,0.95976750565503,1.0344112053404404,-0.016091463149173535,-0.01149949610851686,-0.10376472388829028
2021-03-23,31.420000076293945,31.825000762939453,30.93000030517578,31.040000915527344,30.594377517700195,744700,JBGS,1.0364045731164666,1.076187955747614,0.9831871854984938,1.0693935085724937,-0.0329889354560271,-0.01593739089189894,-0.10211454478883664
2021-03-24,31.25,32.310001373291016,31.1299991607666,31.34000015258789,30.89006996154785,791400,JBGS,1.042756805943554,1.032466964321053,0.9585604903844592,1.0856410250000772,-0.04288421905652329,-0.06383677838967183,-0.12265267651281142
2021-03-25,31.25,31.450000762939453,30.270000457763672,31.36000061035156,30.90978240966797,691500,JBGS,1.0341198748977825,1.0141460114967469,0.9747722828143408,1.0730788964453475,-0.03895902154756503,-0.06681452032053792,-0.1049152414281398
2021-03-26,31.530000686645508,32.470001220703125,31.5,32.189998626708984,31.72786521911621,343900,JBGS,1.006213156853941,0.9858069406071308,0.9562572187903734,1.054404908622988,-0.04819175176904711,-0.07705108698330099,-0.0951672454467315
2021-03-29,32.060001373291016,32.650001525878906,31.625,31.780000686645508,31.3237533569336,585000,JBGS,1.0207676974289437,1.0029614554711817,0.9532701994584556,1.0689163053254425,-0.048148607896498774,-0.07757888116532419,-0.11763132764400952
2021-03-30,31.780000686645508,32.29999923706055,31.6200008392334,32.29999923706055,31.836286544799805,365500,JBGS,1.0095975869704743,0.9812025162923887,0.9429491852173064,1.0517320513246777,-0.04213446435420343,-0.0938675655747283,-0.1232031157629625
2021-03-31,32.16999816894531,32.40999984741211,31.700000762939453,31.790000915527344,31.33361053466797,720800,JBGS,1.0088077334105356,1.007081030027327,0.9587149518658452,1.0518071453770457,-0.042999411966510026,-0.05703731448860494,-0.11595484610282847
2021-04-01,31.88999938964844,32.47999954223633,31.709999084472656,32.45000076293945,31.9841365814209,821800,JBGS,0.9861324228859628,0.9760461315915852,0.9401535545058742,1.0320601759921184,-0.0459277531061556,-0.07296450194785065,-0.11522352120232993
2021-04-05,32.630001068115234,32.630001068115234,31.61000061035156,32.22999954223633,31.76729202270508,617900,JBGS,0.978901616971506,0.9755218937497636,0.9396457324765044,1.0244191200348804,-0.04551750306337443,-0.05567757112624183,-0.1032164246717191
2021-04-06,32.150001525878906,32.83000183105469,32.150001525878906,32.709999084472656,32.24040222167969,467000,JBGS,0.9877714092480172,0.9802953348159668,0.9196535271074402,1.0223156584391035,-0.03454424919108634,-0.0654704570307526,-0.1243631062595445
2021-04-07,32.81999969482422,32.94300079345703,31.90999984741211,32.400001525878906,31.934852600097656,302500,JBGS,0.9925925726838464,1.0095676656477373,0.9353417475658572,1.0394801739198338,-0.04688760123598745,-0.04313164438427197,-0.11956353040124634
2021-04-08,32.18000030517578,32.45000076293945,31.90999984741211,32.16999816894531,31.708152770996094,344100,JBGS,1.0,1.0036375877004398,0.953382549925398,1.0265241325526298,-0.026524132552629753,-0.03181629442707612,-0.11470015720690208
2021-04-09,32.2599983215332,32.27000045776367,31.825000762939453,32.06999969482422,31.609588623046875,353600,JBGS,0.9978172913631524,1.0108493405471997,0.9538244859203135,1.0133233400901354,-0.015506048726982913,-0.013943636810254345,-0.11133699323386259
2021-04-12,32.02000045776367,32.13999938964844,31.89999961853028,32.0,31.54059410095215,274500,JBGS,0.9696302480201956,1.02659322444396,0.9505210791616412,0.984967369755618,-0.015337121735422454,0.006836689826021036,-0.11502411361035536
2021-04-13,31.96999931335449,32.209999084472656,31.739999771118164,32.15999984741211,31.69829750061035,311500,JBGS,0.9763926754600762,1.0318197137415364,0.9271791139282018,0.997144067833035,-0.020751392372958755,0.020965050068731506,-0.14256325430250383
2021-04-14,32.18000030517578,32.470001220703125,32.02000045776367,32.060001373291016,31.59973526000977,247200,JBGS,0.9819510794778312,0.9970290381775928,0.960767562150208,1.014155644047748,-0.032204564569916716,0.003410352874634315,-0.1142074062592674
2021-04-15,32.150001525878906,32.36000061035156,31.979999542236328,32.349998474121094,31.88556861877441,276200,JBGS,0.9712806931247724,1.03416494882732,0.9408645133063684,1.005262083611982,-0.03398139048720972,0.025576191163266593,-0.12808436190835581
2021-04-16,32.540000915527344,32.540000915527344,32.060001373291016,32.380001068115234,31.91514015197754,279000,JBGS,0.9887308851367606,1.0506237328349088,0.9302794972127972,0.9951551066507538,-0.006424221513993245,0.03475966861109758,-0.13623958361828992
